,日期,股票代码,名称,收盘价,最高价,最低价,开盘价,前收盘,涨跌额,涨跌幅,换手率,成交量,成交金额,总市值,流通市值
0,2007-01-26,sh601002,N晋亿,8.94,9.28,7.8,8.13,4.26,4.68,109.8592,69.0632,116026246,967384561.0,6601921800.0,1501920000.0
1,2007-01-29,sh601002,晋亿实业,9.83,9.83,9.4,9.4,8.94,0.89,9.9553,9.462,15896121,152876858.0,7259160100.0,1651440000.0
2,2007-01-30,sh601002,晋亿实业,9.83,10.45,9.3,10.24,9.83,0.0,0.0,31.8763,53552104,535150226.0,7259160100.0,1651440000.0
3,2007-01-31,sh601002,晋亿实业,10.48,10.81,9.7,9.88,9.83,0.65,6.6124,32.0197,53793117,552093777.0,7739165600.0,1760640000.0
4,2007-02-01,sh601002,晋亿实业,10.47,10.94,10.01,10.23,10.48,-0.01,-0.0954,23.7683,39930783,420548845.0,7731780900.0,1758960000.0
5,2007-02-02,sh601002,晋亿实业,9.61,10.41,9.55,10.28,10.47,-0.86,-8.2139,15.9594,26811857,267051671.0,7096696700.0,1614480000.0
6,2007-02-05,sh601002,晋亿实业,9.65,9.91,9.39,9.52,9.61,0.04,0.4162,9.609,16143110,155910883.0,7126235500.0,1621200000.0
7,2007-02-06,sh601002,晋亿实业,9.79,9.87,9.5,9.7,9.65,0.14,1.4508,5.5231,9278867,90121797.0,7229621300.0,1644720000.0
8,2007-02-07,sh601002,晋亿实业,10.16,10.35,9.79,9.8,9.79,0.37,3.7794,10.0419,16870359,170345427.0,7502855200.0,1706880000.0
9,2007-02-08,sh601002,晋亿实业,10.18,10.42,9.92,10.1,10.16,0.02,0.1969,7.9236,13311713,135340828.0,7517624600.0,1710240000.0
10,2007-02-09,sh601002,晋亿实业,10.17,10.7,10.15,10.18,10.18,-0.01,-0.0982,10.3802,17438780,181166774.0,7510239900.0,1708560000.0
11,2007-02-12,sh601002,晋亿实业,10.11,10.21,9.75,10.08,10.17,-0.06,-0.59,8.4429,14184085,141497820.0,7465931700.0,1698480000.0
12,2007-02-13,sh601002,晋亿实业,10.39,10.41,10.11,10.14,10.11,0.28,2.7695,6.8827,11562868,118621574.0,7672703300.0,1745520000.0
13,2007-02-14,sh601002,晋亿实业,10.62,10.85,10.29,10.35,10.39,0.23,2.2137,10.1185,16999099,181190210.0,7842551400.0,1784160000.0
14,2007-02-15,sh601002,晋亿实业,10.77,10.78,10.48,10.56,10.62,0.15,1.4124,8.6484,14529322,153712370.0,7953321900.0,1809360000.0
15,2007-02-16,sh601002,晋亿实业,10.83,11.16,10.55,10.8,10.77,0.06,0.5571,9.6017,16130916,174613317.0,7997630100.0,1819440000.0
16,2007-02-26,sh601002,晋亿实业,11.14,11.15,10.51,10.75,10.83,0.31,2.8624,10.341,17372820,188188003.0,8226555800.0,1871520000.0
17,2007-02-27,sh601002,晋亿实业,10.03,11.14,10.03,11.14,11.14,-1.11,-9.9641,10.9392,18377902,194075555.0,7406854100.0,1685040000.0
18,2007-02-28,sh601002,晋亿实业,10.08,10.18,9.62,9.8,10.03,0.05,0.4985,11.7037,19662160,194561578.0,7443777600.0,1693440000.0
19,2007-03-01,sh601002,晋亿实业,9.21,10.01,9.13,10.0,10.08,-0.87,-8.631,11.3804,19119026,181157849.0,6801308700.0,1547280000.0
20,2007-03-02,sh601002,晋亿实业,9.44,9.5,9.2,9.2,9.21,0.23,2.4973,4.5209,7595195,71203754.0,6971156800.0,1585920000.0
21,2007-03-05,sh601002,晋亿实业,9.53,9.55,8.98,9.45,9.44,0.09,0.9534,10.4094,17487776,161022655.0,7037619100.0,1601040000.0
22,2007-03-06,sh601002,晋亿实业,9.63,9.72,9.45,9.52,9.53,0.1,1.0493,9.6046,16135763,154655474.0,7111466100.0,1617840000.0
23,2007-03-07,sh601002,晋亿实业,10.03,10.2,9.53,9.55,9.63,0.4,4.1537,11.5033,19325468,191885794.0,7406854100.0,1685040000.0
24,2007-03-08,sh601002,晋亿实业,9.96,10.11,9.86,9.91,10.03,-0.07,-0.6979,7.2614,12199095,121494383.0,7355161200.0,1673280000.0
25,2007-03-09,sh601002,晋亿实业,9.75,10.04,9.63,9.96,9.96,-0.21,-2.1084,4.4689,7507822,73510588.0,7200082500.0,1638000000.0
26,2007-03-12,sh601002,晋亿实业,9.68,9.75,9.26,9.72,9.75,-0.07,-0.7179,12.0959,20321179,192889769.0,7148389600.0,1626240000.0
27,2007-03-13,sh601002,晋亿实业,9.88,9.93,9.69,9.8,9.68,0.2,2.0661,7.7742,13060717,128232029.0,7296083600.0,1659840000.0
28,2007-03-14,sh601002,晋亿实业,9.69,9.86,9.31,9.75,9.88,-0.19,-1.9231,5.8743,9868866,95161999.0,7155774300.0,1627920000.0
29,2007-03-15,sh601002,晋亿实业,9.73,9.85,9.6,9.78,9.69,0.04,0.4128,9.0404,15187824,147706011.0,7185313100.0,1634640000.0
30,2007-03-16,sh601002,晋亿实业,9.49,9.84,9.42,9.8,9.73,-0.24,-2.4666,5.6899,9559103,91753816.0,7008080300.0,1594320000.0
31,2007-03-19,sh601002,晋亿实业,9.49,9.61,9.11,9.24,9.49,0.0,0.0,4.7445,7970823,74956592.0,7008080300.0,1594320000.0
32,2007-03-20,sh601002,晋亿实业,9.8,9.85,9.51,9.51,9.49,0.31,3.2666,5.958,10009406,97010008.0,7237006000.0,1646400000.0
33,2007-03-21,sh601002,晋亿实业,9.85,9.94,9.75,9.82,9.8,0.05,0.5102,6.5856,11063758,108962277.0,7273929500.0,1654800000.0
34,2007-03-22,sh601002,晋亿实业,9.97,10.19,9.75,9.9,9.85,0.12,1.2183,11.0896,18630552,185893031.0,7362545900.0,1674960000.0
35,2007-03-23,sh601002,晋亿实业,10.26,10.37,9.94,9.97,9.97,0.29,2.9087,11.0836,18620390,189311032.0,7576702200.0,1723680000.0
36,2007-03-26,sh601002,晋亿实业,10.4,10.47,10.17,10.31,10.26,0.14,1.3645,8.6175,14477352,149146411.0,7680088000.0,1747200000.0
37,2007-03-27,sh601002,晋亿实业,10.25,10.37,10.14,10.37,10.4,-0.15,-1.4423,7.0022,11763745,120658767.0,7569317500.0,1722000000.0
38,2007-03-28,sh601002,晋亿实业,10.03,10.31,9.65,10.25,10.25,-0.22,-2.1463,7.0706,11878567,119194740.0,7406854100.0,1685040000.0
39,2007-03-29,sh601002,晋亿实业,10.63,10.98,10.01,10.03,10.03,0.6,5.9821,16.5662,27831224,292119387.0,7849936100.0,1785840000.0
40,2007-03-30,sh601002,晋亿实业,10.57,10.75,10.39,10.6,10.63,-0.06,-0.5644,9.2405,15523982,164209747.0,7805627900.0,1775760000.0
41,2007-04-02,sh601002,晋亿实业,10.91,11.0,10.51,10.63,10.57,0.34,3.2167,9.6116,16147512,174881093.0,8056707700.0,1832880000.0
42,2007-04-03,sh601002,晋亿实业,11.0,11.1,10.81,11.03,10.91,0.09,0.8249,10.9867,18457674,201947108.0,8123170000.0,1848000000.0
43,2007-04-04,sh601002,晋亿实业,12.1,12.1,10.88,11.03,11.0,1.1,10.0,13.9636,23458800,275848018.0,8935487000.0,2032800000.0
44,2007-04-05,sh601002,晋亿实业,12.14,12.6,11.83,12.6,12.1,0.04,0.3306,17.9752,30198354,368914476.0,8965025800.0,2039520000.0
45,2007-04-06,sh601002,晋亿实业,12.28,12.49,11.81,11.9,12.14,0.14,1.1532,10.4619,17576012,213404180.0,9068411600.0,2063040000.0
46,2007-04-09,sh601002,晋亿实业,12.29,12.79,12.0,12.19,12.28,0.01,0.0814,10.9308,18363718,227378821.0,9075796300.0,2064720000.0
47,2007-04-10,sh601002,晋亿实业,12.01,12.22,11.49,12.03,12.29,-0.28,-2.2783,9.9929,16788008,199017618.0,8869024700.0,2017680000.0
48,2007-04-11,sh601002,晋亿实业,11.77,12.01,11.51,12.01,12.01,-0.24,-1.9983,9.0083,15133919,177587916.0,8691791900.0,1977360000.0
49,2007-04-12,sh601002,晋亿实业,11.93,11.98,11.66,11.82,11.77,0.16,1.3594,7.8433,13176773,156360846.0,8809947100.0,2004240000.0
50,2007-04-13,sh601002,晋亿实业,12.08,12.28,11.68,11.93,11.93,0.15,1.2573,11.2672,18928921,227186849.0,8920717600.0,2029440000.0
51,2007-04-16,sh601002,晋亿实业,12.51,12.58,12.01,12.05,12.08,0.43,3.5596,10.7649,18085031,224746741.0,9238259700.0,2101680000.0
52,2007-04-17,sh601002,晋亿实业,12.32,12.68,11.91,12.58,12.51,-0.19,-1.5188,9.6433,16200731,199463767.0,9097950400.0,2069760000.0
53,2007-04-18,sh601002,晋亿实业,12.21,12.35,11.98,12.31,12.32,-0.11,-0.8929,8.22,13809529,167867033.0,9016718700.0,2051280000.0
54,2007-04-19,sh601002,晋亿实业,12.4,12.8,11.9,12.21,12.21,0.19,1.5561,15.6122,26228572,326166484.0,9157028000.0,2083200000.0
55,2007-04-20,sh601002,晋亿实业,13.19,13.3,12.5,12.5,12.4,0.79,6.371,13.4955,22672482,295530606.0,9740419300.0,2215920000.0
56,2007-04-23,sh601002,晋亿实业,13.4,13.75,13.28,13.33,13.19,0.21,1.5921,15.4272,25917775,348711598.0,9895498000.0,2251200000.0
57,2007-04-24,sh601002,晋亿实业,13.76,14.13,13.4,13.68,13.4,0.36,2.6866,14.1004,23688625,328018886.0,10161347200.0,2311680000.0
58,2007-04-25,sh601002,晋亿实业,13.23,13.7,12.93,13.7,13.76,-0.53,-3.8517,9.2314,15508680,205026467.0,9769958100.0,2222640000.0
59,2007-04-26,sh601002,晋亿实业,13.08,13.2,12.73,13.13,13.23,-0.15,-1.1338,8.5622,17980645,232939203.0,9659187600.0,2746800000.0
60,2007-04-27,sh601002,晋亿实业,12.93,13.38,12.88,13.05,13.08,-0.15,-1.1468,6.4954,13640308,178370467.0,9548417100.0,2715300000.0
61,2007-04-30,sh601002,晋亿实业,0.0,0.0,0.0,0.0,12.93,,,0.0,0,0.0,9548417100.0,2715300000.0
62,2007-05-08,sh601002,晋亿实业,13.06,13.4,12.91,13.33,12.93,0.13,1.0054,9.4636,19873526,259417866.0,9644418200.0,2742600000.0
63,2007-05-09,sh601002,晋亿实业,12.71,13.15,12.3,13.1,13.06,-0.35,-2.6799,8.4039,17648163,224510876.0,9385953700.0,2669100000.0
64,2007-05-10,sh601002,晋亿实业,13.36,13.72,12.43,12.7,12.71,0.65,5.1141,8.9265,18745624,242825457.0,9865959200.0,2805600000.0
65,2007-05-11,sh601002,晋亿实业,13.3,13.68,13.2,13.55,13.36,-0.06,-0.4491,10.367,21770722,292891460.0,9821651000.0,2793000000.0
66,2007-05-14,sh601002,晋亿实业,12.99,13.28,12.78,12.95,13.3,-0.31,-2.3308,6.7273,14127401,183529736.0,9592725300.0,2727900000.0
67,2007-05-15,sh601002,晋亿实业,12.26,13.0,12.2,12.97,12.99,-0.73,-5.6197,6.5431,13740563,173492084.0,9053642200.0,2574600000.0
68,2007-05-16,sh601002,晋亿实业,12.4,12.41,11.99,12.1,12.26,0.14,1.1419,4.7557,9986935,121986686.0,9157028000.0,2604000000.0
69,2007-05-17,sh601002,晋亿实业,12.53,12.71,12.3,12.45,12.4,0.13,1.0484,5.3256,11183811,139858455.0,9253029100.0,2631300000.0
70,2007-05-18,sh601002,晋亿实业,12.27,12.57,12.23,12.55,12.53,-0.26,-2.075,5.5872,11733127,144634999.0,9061026900.0,2576700000.0
71,2007-05-21,sh601002,晋亿实业,12.5,12.63,11.68,11.8,12.27,0.23,1.8745,6.5435,13741304,168423780.0,9230875000.0,2625000000.0
72,2007-05-22,sh601002,晋亿实业,12.73,12.97,12.48,12.5,12.5,0.23,1.84,9.451,19847059,252569507.0,9400723100.0,2673300000.0
73,2007-05-23,sh601002,晋亿实业,13.13,13.2,12.65,12.83,12.73,0.4,3.1422,8.9826,18863524,243121630.0,9696111100.0,2757300000.0
74,2007-05-24,sh601002,晋亿实业,12.75,13.33,12.5,13.22,13.13,-0.38,-2.8941,7.7026,16175386,207585909.0,9415492500.0,2677500000.0
75,2007-05-25,sh601002,晋亿实业,12.62,12.85,12.55,12.7,12.75,-0.13,-1.0196,5.1461,10806728,137057991.0,9319491400.0,2650200000.0
76,2007-05-28,sh601002,晋亿实业,12.92,13.1,12.7,12.7,12.62,0.3,2.3772,8.7654,18407387,237019719.0,9541032400.0,2713200000.0
77,2007-05-29,sh601002,晋亿实业,13.37,13.5,12.6,12.93,12.92,0.45,3.483,13.0231,27348576,357433981.0,9873343900.0,2807700000.0
78,2007-05-30,sh601002,晋亿实业,12.03,13.05,12.03,12.52,13.37,-1.34,-10.0224,10.2166,21454790,268065671.0,8883794100.0,2526300000.0
79,2007-05-31,sh601002,晋亿实业,11.34,12.05,10.83,11.81,12.03,-0.69,-5.7357,7.5115,15774199,178884881.0,8374249800.0,2381400000.0
80,2007-06-01,sh601002,晋亿实业,10.69,11.78,10.38,11.36,11.34,-0.65,-5.7319,6.54,13733937,153855439.0,7894244300.0,2244900000.0
81,2007-06-04,sh601002,晋亿实业,9.67,11.06,9.62,10.94,10.69,-1.02,-9.5416,6.5877,13834194,141263646.0,7141004900.0,2030700000.0
82,2007-06-05,sh601002,晋亿实业,10.59,10.63,9.35,9.6,9.67,0.92,9.514,9.7814,20540975,206041580.0,7820397300.0,2223900000.0
83,2007-06-06,sh601002,晋亿实业,10.76,11.13,10.51,10.71,10.59,0.17,1.6053,6.6962,14061941,152529280.0,7945937200.0,2259600000.0
84,2007-06-07,sh601002,晋亿实业,11.57,11.8,10.8,10.85,10.76,0.81,7.5279,9.6933,20356001,230106634.0,8544097900.0,2429700000.0
85,2007-06-08,sh601002,晋亿实业,11.34,11.73,11.1,11.7,11.57,-0.23,-1.9879,5.1526,10820486,122770615.0,8374249800.0,2381400000.0
86,2007-06-11,sh601002,晋亿实业,11.34,11.6,11.21,11.35,11.34,0.0,0.0,3.9036,8197547,93406363.0,8374249800.0,2381400000.0
87,2007-06-12,sh601002,晋亿实业,11.59,11.62,10.88,11.35,11.34,0.25,2.2046,5.6457,11856043,134387981.0,8558867300.0,2433900000.0
88,2007-06-13,sh601002,晋亿实业,11.82,12.13,11.59,11.6,11.59,0.23,1.9845,6.4144,13470140,159924693.0,8728715400.0,2482200000.0
89,2007-06-14,sh601002,晋亿实业,11.56,11.82,11.34,11.82,11.82,-0.26,-2.1997,4.684,9836423,113476525.0,8536713200.0,2427600000.0
90,2007-06-15,sh601002,晋亿实业,11.85,11.99,11.41,11.57,11.56,0.29,2.5087,5.3439,11222222,132098601.0,8750869500.0,2488500000.0
91,2007-06-18,sh601002,晋亿实业,12.0,12.25,11.9,12.15,11.85,0.15,1.2658,5.3611,11258340,135914801.0,8861640000.0,2520000000.0
92,2007-06-19,sh601002,晋亿实业,12.26,12.38,11.7,11.9,12.0,0.26,2.1667,5.3579,11251576,135643024.0,9053642200.0,2574600000.0
93,2007-06-20,sh601002,晋亿实业,11.74,12.48,11.6,12.3,12.26,-0.52,-4.2414,5.5361,11625815,141825729.0,8669637800.0,2465400000.0
94,2007-06-21,sh601002,晋亿实业,11.4,11.93,11.2,11.62,11.74,-0.34,-2.8961,3.825,8032492,92457945.0,8418558000.0,2394000000.0
95,2007-06-22,sh601002,晋亿实业,10.72,11.78,10.46,11.46,11.4,-0.68,-5.9649,4.1134,8638224,96413758.0,7916398400.0,2251200000.0
96,2007-06-25,sh601002,晋亿实业,10.1,11.0,9.9,10.73,10.72,-0.62,-5.7836,3.4029,7146118,75084363.0,7458547000.0,2121000000.0
97,2007-06-26,sh601002,晋亿实业,10.6,10.62,9.81,9.81,10.1,0.5,4.9505,2.5676,5391972,55207717.0,7827782000.0,2226000000.0
98,2007-06-27,sh601002,晋亿实业,10.73,10.76,10.31,10.6,10.6,0.13,1.2264,2.6768,5621379,59450316.0,7923783100.0,2253300000.0
99,2007-06-28,sh601002,XD晋亿实,9.86,10.51,9.84,10.5,10.54,-0.68,-6.4516,2.5377,5329184,53982152.0,7281314200.0,2070600000.0
100,2007-06-29,sh601002,晋亿实业,9.11,9.86,9.01,9.56,9.86,-0.75,-7.6065,2.82,5922037,55512149.0,6727461700.0,1913100000.0
101,2007-07-02,sh601002,晋亿实业,10.02,10.02,9.15,9.15,9.11,0.91,9.989,5.5613,11678653,114396418.0,7399469400.0,2104200000.0
102,2007-07-03,sh601002,晋亿实业,10.0,10.22,9.7,10.22,10.02,-0.02,-0.1996,1.9496,4094161,40560866.0,7384700000.0,2100000000.0
103,2007-07-04,sh601002,晋亿实业,9.6,10.06,9.51,10.0,10.0,-0.4,-4.0,1.2358,2595189,25326606.0,7089312000.0,2016000000.0
104,2007-07-05,sh601002,晋亿实业,9.16,9.55,9.14,9.45,9.6,-0.44,-4.5833,1.4638,3073955,28764653.0,6764385200.0,1923600000.0
105,2007-07-06,sh601002,晋亿实业,9.75,9.85,9.16,9.16,9.16,0.59,6.441,1.8625,3911179,37122711.0,7200082500.0,2047500000.0
106,2007-07-09,sh601002,晋亿实业,9.9,9.98,9.6,9.75,9.75,0.15,1.5385,2.0936,4396551,43214499.0,7310853000.0,2079000000.0
107,2007-07-10,sh601002,晋亿实业,9.5,9.85,9.49,9.81,9.9,-0.4,-4.0404,1.4698,3086484,29739385.0,7015465000.0,1995000000.0
108,2007-07-11,sh601002,晋亿实业,9.75,9.9,9.43,9.54,9.5,0.25,2.6316,1.061,2228198,21657195.0,7200082500.0,2047500000.0
109,2007-07-12,sh601002,晋亿实业,9.85,9.91,9.63,9.75,9.75,0.1,1.0256,1.3974,2934531,28713426.0,7273929500.0,2068500000.0
110,2007-07-13,sh601002,晋亿实业,9.56,9.86,9.48,9.86,9.85,-0.29,-2.9442,1.2778,2683315,25732541.0,7059773200.0,2007600000.0
111,2007-07-16,sh601002,晋亿实业,9.23,9.62,9.21,9.62,9.56,-0.33,-3.4519,0.9476,1990020,18635115.0,6816078100.0,1938300000.0
112,2007-07-17,sh601002,晋亿实业,9.37,9.45,9.23,9.28,9.23,0.14,1.5168,1.0113,2123736,19893076.0,6919463900.0,1967700000.0
113,2007-07-18,sh601002,晋亿实业,9.44,9.64,9.3,9.4,9.37,0.07,0.7471,1.0163,2134200,20192154.0,6971156800.0,1982400000.0
114,2007-07-19,sh601002,晋亿实业,0.0,0.0,0.0,0.0,9.44,,,0.0,0,0.0,6971156800.0,1982400000.0
115,2007-07-20,sh601002,晋亿实业,9.79,9.83,9.46,9.49,9.44,0.35,3.7076,1.9767,4151100,40317365.0,7229621300.0,2055900000.0
116,2007-07-23,sh601002,晋亿实业,10.2,10.24,9.83,9.86,9.79,0.41,4.1879,3.049,6402992,64421859.0,7532394000.0,2142000000.0
117,2007-07-24,sh601002,晋亿实业,10.85,11.08,10.0,10.2,10.2,0.65,6.3725,5.754,12083381,127251033.0,8012399500.0,2278500000.0
118,2007-07-25,sh601002,晋亿实业,10.91,11.1,10.84,10.85,10.85,0.06,0.553,5.2441,11012624,120431634.0,8056707700.0,2291100000.0
119,2007-07-26,sh601002,晋亿实业,10.89,11.07,10.66,11.07,10.91,-0.02,-0.1833,2.7089,5688671,61581891.0,8041938300.0,2286900000.0
120,2007-07-27,sh601002,晋亿实业,10.87,10.97,10.68,10.85,10.89,-0.02,-0.1837,2.2604,4746736,51343550.0,8027168900.0,2282700000.0
121,2007-07-30,sh601002,晋亿实业,10.95,11.17,10.88,10.88,10.87,0.08,0.736,3.0135,6328446,69805955.0,8086246500.0,2299500000.0
122,2007-07-31,sh601002,晋亿实业,11.27,11.36,10.92,11.0,10.95,0.32,2.9224,3.6413,7646804,85871604.0,8322556900.0,2366700000.0
123,2007-08-01,sh601002,晋亿实业,10.29,11.3,10.26,11.28,11.27,-0.98,-8.6957,3.4278,7198334,77843437.0,7598856300.0,2160900000.0
124,2007-08-02,sh601002,晋亿实业,10.56,10.72,10.3,10.33,10.29,0.27,2.6239,2.4691,5185138,54420341.0,7798243200.0,2217600000.0
125,2007-08-03,sh601002,晋亿实业,10.63,10.66,10.3,10.63,10.56,0.07,0.6629,2.529,5310922,55843351.0,7849936100.0,2232300000.0
126,2007-08-06,sh601002,晋亿实业,10.77,10.88,10.51,10.68,10.63,0.14,1.317,2.7293,5731449,61224397.0,7953321900.0,2261700000.0
127,2007-08-07,sh601002,晋亿实业,10.57,10.75,10.42,10.75,10.77,-0.2,-1.857,2.6391,5542054,58337707.0,7805627900.0,2219700000.0
128,2007-08-08,sh601002,晋亿实业,10.9,10.97,10.3,10.53,10.57,0.33,3.122,3.3687,7074313,75998313.0,8049323000.0,2289000000.0
129,2007-08-09,sh601002,晋亿实业,10.62,10.95,10.59,10.83,10.9,-0.28,-2.5688,2.0877,4384077,46948008.0,7842551400.0,2230200000.0
130,2007-08-10,sh601002,晋亿实业,11.23,11.42,10.51,10.6,10.62,0.61,5.7439,7.6103,15981579,175323799.0,8293018100.0,2358300000.0
131,2007-08-13,sh601002,晋亿实业,11.5,12.0,11.11,11.3,11.23,0.27,2.4043,8.5224,17897128,207970149.0,8492405000.0,2415000000.0
132,2007-08-14,sh601002,晋亿实业,11.57,11.73,11.33,11.6,11.5,0.07,0.6087,3.7392,7852324,90700143.0,8544097900.0,2429700000.0
133,2007-08-15,sh601002,晋亿实业,12.0,12.19,11.4,11.6,11.57,0.43,3.7165,7.486,15720515,186664988.0,8861640000.0,2520000000.0
134,2007-08-16,sh601002,晋亿实业,11.86,12.21,11.65,11.88,12.0,-0.14,-1.1667,4.3244,9081187,108020265.0,8758254200.0,2490600000.0
135,2007-08-17,sh601002,晋亿实业,11.79,12.3,11.7,11.85,11.86,-0.07,-0.5902,5.2167,10955151,131320145.0,8706561300.0,2475900000.0
136,2007-08-20,sh601002,晋亿实业,12.07,12.3,11.92,12.0,11.79,0.28,2.3749,5.0096,10520161,127258170.0,8913332900.0,2534700000.0
137,2007-08-21,sh601002,晋亿实业,11.76,12.19,11.66,12.18,12.07,-0.31,-2.5684,4.5911,9641235,114124168.0,8684407200.0,2469600000.0
138,2007-08-22,sh601002,晋亿实业,11.89,12.09,11.5,11.63,11.76,0.13,1.1054,3.9851,8368763,98342582.0,8780408300.0,2496900000.0
139,2007-08-23,sh601002,晋亿实业,11.84,12.15,11.78,11.88,11.89,-0.05,-0.4205,3.5552,7465929,89342627.0,8743484800.0,2486400000.0
140,2007-08-24,sh601002,晋亿实业,11.64,12.05,11.6,11.87,11.84,-0.2,-1.6892,3.1189,6549788,76902443.0,8595790800.0,2444400000.0
141,2007-08-27,sh601002,晋亿实业,12.0,12.11,11.57,11.7,11.64,0.36,3.0928,5.0467,10598079,126306394.0,8861640000.0,2520000000.0
142,2007-08-28,sh601002,晋亿实业,12.18,12.19,11.66,11.96,12.0,0.18,1.5,4.0462,8497089,101492876.0,8994564600.0,2557800000.0
143,2007-08-29,sh601002,晋亿实业,12.53,12.95,12.15,12.25,12.18,0.35,2.8736,9.7249,20422245,257287570.0,9253029100.0,2631300000.0
144,2007-08-30,sh601002,晋亿实业,12.63,12.75,12.37,12.54,12.53,0.1,0.7981,4.7238,9919989,124799006.0,9326876100.0,2652300000.0
145,2007-08-31,sh601002,晋亿实业,12.31,12.73,12.1,12.66,12.63,-0.32,-2.5337,5.1719,10861028,134465169.0,9090565700.0,2585100000.0
146,2007-09-03,sh601002,晋亿实业,12.87,13.0,12.14,12.36,12.31,0.56,4.5491,7.3295,15391945,195216812.0,9504108900.0,2702700000.0
147,2007-09-04,sh601002,晋亿实业,12.74,13.15,12.61,13.0,12.87,-0.13,-1.0101,5.8578,12301367,158483293.0,9408107800.0,2675400000.0
148,2007-09-05,sh601002,晋亿实业,12.87,12.89,12.4,12.67,12.74,0.13,1.0204,3.6267,7616006,96585670.0,9504108900.0,2702700000.0
149,2007-09-06,sh601002,晋亿实业,13.0,13.2,12.78,13.11,12.87,0.13,1.0101,8.1526,17120445,222959046.0,9600110000.0,2730000000.0
150,2007-09-07,sh601002,晋亿实业,12.33,12.94,12.3,12.78,13.0,-0.67,-5.1538,4.9981,10495941,131506292.0,9105335100.0,2589300000.0
151,2007-09-10,sh601002,晋亿实业,12.61,12.8,11.75,12.15,12.33,0.28,2.2709,4.4529,9351188,114554675.0,9312106700.0,2648100000.0
152,2007-09-11,sh601002,晋亿实业,11.52,12.66,11.5,12.35,12.61,-1.09,-8.6439,3.8814,8151007,98759266.0,8507174400.0,2419200000.0
153,2007-09-12,sh601002,晋亿实业,11.77,12.12,11.3,11.54,11.52,0.25,2.1701,3.5817,7521619,87763422.0,8691791900.0,2471700000.0
154,2007-09-13,sh601002,晋亿实业,11.79,11.9,11.58,11.9,11.77,0.02,0.1699,2.2535,4732247,55441506.0,8706561300.0,2475900000.0
155,2007-09-14,sh601002,晋亿实业,11.81,12.18,11.58,11.79,11.79,0.02,0.1696,3.2151,6751619,80027488.0,8721330700.0,2480100000.0
156,2007-09-17,sh601002,晋亿实业,12.13,12.2,11.64,11.81,11.81,0.32,2.7096,3.2255,6773539,81546244.0,8957641100.0,2547300000.0
157,2007-09-18,sh601002,晋亿实业,12.28,12.5,12.0,12.2,12.13,0.15,1.2366,2.8629,6011986,73672490.0,9068411600.0,2578800000.0
158,2007-09-19,sh601002,晋亿实业,11.76,12.29,11.65,12.17,12.28,-0.52,-4.2345,3.4553,7256033,85796249.0,8684407200.0,2469600000.0
159,2007-09-20,sh601002,晋亿实业,12.01,12.09,11.53,11.79,11.76,0.25,2.1259,4.0765,8560601,101040914.0,8869024700.0,2522100000.0
160,2007-09-21,sh601002,晋亿实业,11.74,11.98,11.3,11.97,12.01,-0.27,-2.2481,3.5706,7498291,87043949.0,8669637800.0,2465400000.0
161,2007-09-24,sh601002,晋亿实业,11.37,11.7,11.21,11.68,11.74,-0.37,-3.1516,3.5808,7519576,85616310.0,8396403900.0,2387700000.0
162,2007-09-25,sh601002,晋亿实业,11.37,11.55,11.2,11.35,11.37,0.0,0.0,2.8183,5918345,67095550.0,8396403900.0,2387700000.0
163,2007-09-26,sh601002,晋亿实业,10.78,11.5,10.68,11.37,11.37,-0.59,-5.1891,3.1196,6551206,72595135.0,7960706600.0,2263800000.0
164,2007-09-27,sh601002,晋亿实业,10.92,11.0,10.76,10.85,10.78,0.14,1.2987,1.6776,3522936,38284524.0,8064092400.0,2293200000.0
165,2007-09-28,sh601002,晋亿实业,11.22,11.42,10.94,10.95,10.92,0.3,2.7473,2.6749,5617318,62948726.0,8285633400.0,2356200000.0
166,2007-10-08,sh601002,晋亿实业,11.47,11.81,11.31,11.42,11.22,0.25,2.2282,3.7178,7807398,90457421.0,8470250900.0,2408700000.0
167,2007-10-09,sh601002,晋亿实业,11.44,11.55,11.3,11.4,11.47,-0.03,-0.2616,1.8001,3780224,43136541.0,8448096800.0,2402400000.0
168,2007-10-10,sh601002,晋亿实业,11.25,11.56,11.2,11.4,11.44,-0.19,-1.6608,2.5806,5419294,61701846.0,8307787500.0,2362500000.0
169,2007-10-11,sh601002,晋亿实业,12.07,12.25,11.65,11.65,11.25,0.82,7.2889,9.5513,20057723,241322192.0,8913332900.0,2534700000.0
170,2007-10-12,sh601002,晋亿实业,11.33,11.97,10.89,11.88,12.07,-0.74,-6.1309,7.8325,16448190,186879188.0,8366865100.0,2379300000.0
171,2007-10-15,sh601002,晋亿实业,12.28,12.45,11.1,11.24,11.33,0.95,8.3848,7.3587,15453241,185513230.0,9068411600.0,2578800000.0
172,2007-10-16,sh601002,晋亿实业,12.31,12.35,11.9,12.27,12.28,0.03,0.2443,4.0213,8444748,102467599.0,9090565700.0,2585100000.0
173,2007-10-17,sh601002,晋亿实业,12.1,12.6,11.95,12.2,12.31,-0.21,-1.7059,4.0979,8605570,105459180.0,8935487000.0,2541000000.0
174,2007-10-18,sh601002,晋亿实业,11.66,12.05,11.51,11.85,12.1,-0.44,-3.6364,2.5,5249972,61704209.0,8610560200.0,2448600000.0
175,2007-10-19,sh601002,晋亿实业,11.9,12.23,11.6,11.84,11.66,0.24,2.0583,2.9547,6204816,74398218.0,8787793000.0,2499000000.0
176,2007-10-22,sh601002,晋亿实业,12.16,12.58,11.8,12.0,11.9,0.26,2.1849,5.3154,11162419,137682683.0,8979795200.0,2553600000.0
177,2007-10-23,sh601002,晋亿实业,12.59,12.75,12.1,12.21,12.16,0.43,3.5362,6.564,13784298,172064862.0,9297337300.0,2643900000.0
178,2007-10-24,sh601002,晋亿实业,12.19,12.55,12.1,12.55,12.59,-0.4,-3.1771,3.4973,7344308,90404508.0,9001949300.0,2559900000.0
179,2007-10-25,sh601002,晋亿实业,10.97,11.73,10.97,11.73,12.19,-1.22,-10.0082,6.2724,13171949,145980689.0,8101015900.0,2303700000.0
180,2007-10-26,sh601002,晋亿实业,9.87,10.5,9.87,10.0,10.97,-1.1,-10.0273,6.3652,13366866,133273630.0,7288698900.0,2072700000.0
181,2007-10-29,sh601002,晋亿实业,9.62,10.16,9.3,10.0,9.87,-0.25,-2.5329,3.2685,6863818,65921336.0,7104081400.0,2020200000.0
182,2007-10-30,sh601002,晋亿实业,9.86,9.88,9.42,9.6,9.62,0.24,2.4948,2.6393,5542561,53566249.0,7281314200.0,2070600000.0
183,2007-10-31,sh601002,晋亿实业,10.38,10.85,9.8,9.89,9.86,0.52,5.2738,4.777,10031665,105184571.0,7665318600.0,2179800000.0
184,2007-11-01,sh601002,晋亿实业,10.04,10.55,9.93,10.11,10.38,-0.34,-3.2755,2.8982,6086287,62249411.0,7414238800.0,2108400000.0
185,2007-11-02,sh601002,晋亿实业,9.89,10.1,9.65,9.88,10.04,-0.15,-1.494,2.1785,4574885,44884669.0,7303468300.0,2076900000.0
186,2007-11-05,sh601002,晋亿实业,9.99,10.12,9.75,9.8,9.89,0.1,1.0111,1.181,2480069,24706474.0,7377315300.0,2097900000.0
187,2007-11-06,sh601002,晋亿实业,9.85,10.1,9.75,9.94,9.99,-0.14,-1.4014,1.3776,2892896,28578812.0,7273929500.0,2068500000.0
188,2007-11-07,sh601002,晋亿实业,9.76,10.0,9.59,9.99,9.85,-0.09,-0.9137,1.093,2295322,22395801.0,7207467200.0,2049600000.0
189,2007-11-08,sh601002,晋亿实业,9.25,9.8,9.0,9.8,9.76,-0.51,-5.2254,2.6212,5504523,51348570.0,6830847500.0,1942500000.0
190,2007-11-09,sh601002,晋亿实业,9.07,9.4,8.81,9.25,9.25,-0.18,-1.9459,1.6069,3374447,30787345.0,6697922900.0,1904700000.0
191,2007-11-12,sh601002,晋亿实业,9.23,9.28,8.81,8.95,9.07,0.16,1.7641,1.2393,2602511,23735817.0,6816078100.0,1938300000.0
192,2007-11-13,sh601002,晋亿实业,9.13,9.34,9.03,9.23,9.23,-0.1,-1.0834,0.8338,1750989,16113839.0,6742231100.0,1917300000.0
193,2007-11-14,sh601002,晋亿实业,9.44,9.5,9.15,9.18,9.13,0.31,3.3954,1.2486,2622064,24534123.0,6971156800.0,1982400000.0
194,2007-11-15,sh601002,晋亿实业,9.09,9.43,9.07,9.43,9.44,-0.35,-3.7076,1.2786,2685100,24696279.0,6712692300.0,1908900000.0
195,2007-11-16,sh601002,晋亿实业,9.14,9.19,9.0,9.15,9.09,0.05,0.5501,0.8462,1777100,16068714.0,6749615800.0,1919400000.0
196,2007-11-19,sh601002,晋亿实业,9.4,9.45,9.15,9.2,9.14,0.26,2.8446,0.9351,1963677,18309846.0,6941618000.0,1974000000.0
197,2007-11-20,sh601002,晋亿实业,9.53,9.6,9.31,9.38,9.4,0.13,1.383,1.2029,2526082,23993336.0,7037619100.0,2001300000.0
198,2007-11-21,sh601002,晋亿实业,9.69,9.7,9.25,9.54,9.53,0.16,1.6789,1.81,3800953,36101297.0,7155774300.0,2034900000.0
199,2007-11-22,sh601002,晋亿实业,9.12,9.64,9.09,9.6,9.69,-0.57,-5.8824,1.1597,2435473,22862586.0,6734846400.0,1915200000.0
200,2007-11-23,sh601002,晋亿实业,9.22,9.26,8.87,9.06,9.12,0.1,1.0965,0.8817,1851575,16785107.0,6808693400.0,1936200000.0
201,2007-11-26,sh601002,晋亿实业,9.12,9.46,9.06,9.39,9.22,-0.1,-1.0846,0.7654,1607307,14857530.0,6734846400.0,1915200000.0
202,2007-11-27,sh601002,晋亿实业,9.03,9.18,8.98,9.18,9.12,-0.09,-0.9868,0.5909,1240858,11238264.0,6668384100.0,1896300000.0
203,2007-11-28,sh601002,晋亿实业,9.06,9.16,8.9,9.03,9.03,0.03,0.3322,0.6329,1329037,12005294.0,6690538200.0,1902600000.0
204,2007-11-29,sh601002,晋亿实业,9.29,9.35,8.98,9.07,9.06,0.23,2.5386,0.9819,2061886,18997960.0,6860386300.0,1950900000.0
205,2007-11-30,sh601002,晋亿实业,9.05,9.35,9.02,9.33,9.29,-0.24,-2.5834,0.7317,1536528,14151316.0,6683153500.0,1900500000.0
206,2007-12-03,sh601002,晋亿实业,9.23,9.3,9.03,9.14,9.05,0.18,1.989,0.5658,1188225,10942904.0,6816078100.0,1938300000.0
207,2007-12-04,sh601002,晋亿实业,9.35,9.42,9.23,9.23,9.23,0.12,1.3001,0.7882,1655269,15468896.0,6904694500.0,1963500000.0
208,2007-12-05,sh601002,晋亿实业,9.4,9.45,9.25,9.35,9.35,0.05,0.5348,0.9155,1922516,17987593.0,6941618000.0,1974000000.0
209,2007-12-06,sh601002,晋亿实业,9.21,9.39,9.1,9.37,9.4,-0.19,-2.0213,1.157,2429670,22413147.0,6801308700.0,1934100000.0
210,2007-12-07,sh601002,晋亿实业,9.41,9.47,9.2,9.21,9.21,0.2,2.1716,1.1923,2503803,23480811.0,6949002700.0,1976100000.0
211,2007-12-10,sh601002,晋亿实业,9.63,9.67,9.25,9.37,9.41,0.22,2.3379,1.9242,4040743,38532408.0,7111466100.0,2022300000.0
212,2007-12-11,sh601002,晋亿实业,9.7,9.75,9.5,9.6,9.63,0.07,0.7269,1.5653,3287223,31620560.0,7163159000.0,2037000000.0
213,2007-12-12,sh601002,晋亿实业,9.71,9.84,9.55,9.69,9.7,0.01,0.1031,1.4367,3017100,29362461.0,7170543700.0,2039100000.0
214,2007-12-13,sh601002,晋亿实业,9.61,9.96,9.6,9.75,9.71,-0.1,-1.0299,1.7591,3694139,36241517.0,7096696700.0,2018100000.0
215,2007-12-14,sh601002,晋亿实业,9.67,9.68,9.35,9.52,9.61,0.06,0.6243,1.0835,2275416,21631921.0,7141004900.0,2030700000.0
216,2007-12-17,sh601002,晋亿实业,9.58,9.72,9.47,9.66,9.67,-0.09,-0.9307,1.4296,3002203,28708380.0,7074542600.0,2011800000.0
217,2007-12-18,sh601002,晋亿实业,9.51,9.69,9.48,9.59,9.58,-0.07,-0.7307,0.8863,1861250,17860545.0,7022849700.0,1997100000.0
218,2007-12-19,sh601002,晋亿实业,9.77,9.88,9.55,9.65,9.51,0.26,2.734,1.344,2822298,27419942.0,7214851900.0,2051700000.0
219,2007-12-20,sh601002,晋亿实业,10.14,10.3,9.99,9.99,9.77,0.37,3.7871,4.1132,8637665,87708607.0,7488085800.0,2129400000.0
220,2007-12-21,sh601002,晋亿实业,10.09,10.16,9.91,10.02,10.14,-0.05,-0.4931,1.755,3685569,37030696.0,7451162300.0,2118900000.0
221,2007-12-24,sh601002,晋亿实业,10.21,10.27,10.0,10.11,10.09,0.12,1.1893,1.9844,4167315,42352454.0,7539778700.0,2144100000.0
222,2007-12-25,sh601002,晋亿实业,10.24,10.38,10.0,10.2,10.21,0.03,0.2938,2.2633,4752845,48174007.0,7561932800.0,2150400000.0
223,2007-12-26,sh601002,晋亿实业,10.31,10.36,10.14,10.26,10.24,0.07,0.6836,2.0197,4241285,43498848.0,7613625700.0,2165100000.0
224,2007-12-27,sh601002,晋亿实业,10.32,10.5,10.26,10.35,10.31,0.01,0.097,2.323,4878268,50616241.0,7621010400.0,2167200000.0
225,2007-12-28,sh601002,晋亿实业,10.29,10.58,10.26,10.45,10.32,-0.03,-0.2907,1.9527,4100642,42715563.0,7598856300.0,2160900000.0
226,2008-01-02,sh601002,晋亿实业,10.57,10.63,10.16,10.32,10.29,0.28,2.7211,2.4999,5249876,54685124.0,7805627900.0,2219700000.0
227,2008-01-03,sh601002,晋亿实业,10.79,10.86,10.42,10.5,10.57,0.22,2.0814,2.4288,5100533,54462077.0,7968091300.0,2265900000.0
228,2008-01-04,sh601002,晋亿实业,10.73,10.87,10.57,10.8,10.79,-0.06,-0.5561,1.7296,3632247,38951420.0,7923783100.0,2253300000.0
229,2008-01-07,sh601002,晋亿实业,11.0,11.28,10.9,10.92,10.73,0.27,2.5163,3.1668,6650345,73610402.0,8123170000.0,2310000000.0
230,2008-01-08,sh601002,晋亿实业,10.6,11.24,10.5,11.03,11.0,-0.4,-3.6364,2.487,5222802,56709248.0,7827782000.0,2226000000.0
231,2008-01-09,sh601002,晋亿实业,10.87,10.9,10.51,10.6,10.6,0.27,2.5472,2.054,4313376,45984318.0,8027168900.0,2282700000.0
232,2008-01-10,sh601002,晋亿实业,10.67,10.92,10.61,10.89,10.87,-0.2,-1.8399,2.0857,4379961,47113412.0,7879474900.0,2240700000.0
233,2008-01-11,sh601002,晋亿实业,10.48,10.75,10.32,10.64,10.67,-0.19,-1.7807,2.0786,4365064,45602478.0,7739165600.0,2200800000.0
234,2008-01-14,sh601002,晋亿实业,10.94,11.0,10.4,10.4,10.48,0.46,4.3893,3.1091,6529018,69922342.0,8078861800.0,2297400000.0
235,2008-01-15,sh601002,晋亿实业,10.83,11.06,10.6,10.84,10.94,-0.11,-1.0055,2.2618,4749680,51706215.0,7997630100.0,2274300000.0
236,2008-01-16,sh601002,晋亿实业,10.5,10.8,10.42,10.8,10.83,-0.33,-3.0471,1.9238,4039973,42610505.0,7753935000.0,2205000000.0
237,2008-01-17,sh601002,晋亿实业,10.19,10.6,9.94,10.49,10.5,-0.31,-2.9524,2.1796,4577136,46935332.0,7525009300.0,2139900000.0
238,2008-01-18,sh601002,晋亿实业,10.37,10.38,10.1,10.19,10.19,0.18,1.7664,1.2114,2543941,26053713.0,7657933900.0,2177700000.0
239,2008-01-21,sh601002,晋亿实业,9.8,10.36,9.73,10.36,10.37,-0.57,-5.4966,1.7339,3641253,36581717.0,7237006000.0,2058000000.0
240,2008-01-22,sh601002,晋亿实业,8.82,9.75,8.82,9.5,9.8,-0.98,-10.0,2.0763,4360311,39667704.0,6513305400.0,1852200000.0
241,2008-01-23,sh601002,晋亿实业,9.48,9.65,8.64,8.83,8.82,0.66,7.483,2.2348,4693116,42447427.0,7000695600.0,1990800000.0
242,2008-01-24,sh601002,晋亿实业,10.43,10.43,9.22,9.4,9.48,0.95,10.0211,7.7702,16317503,165022031.0,7702242100.0,2190300000.0
243,2008-01-25,sh601002,晋亿实业,10.4,10.89,10.16,10.89,10.43,-0.03,-0.2876,5.775,12127428,126935482.0,7680088000.0,2184000000.0
244,2008-01-28,sh601002,晋亿实业,9.6,10.51,9.5,10.26,10.4,-0.8,-7.6923,1.852,5580045,56519603.0,7089312000.0,2892480000.0
245,2008-01-29,sh601002,晋亿实业,10.27,10.35,9.22,9.55,9.6,0.67,6.9792,2.0618,6212304,61217679.0,7584086900.0,3094351000.0
246,2008-01-30,sh601002,晋亿实业,10.21,10.35,9.64,10.3,10.27,-0.06,-0.5842,2.7618,8321291,84039583.0,7539778700.0,3076273000.0
247,2008-01-31,sh601002,晋亿实业,10.03,10.16,9.82,10.1,10.21,-0.18,-1.763,1.3217,3982197,39831081.0,7406854100.0,3022039000.0
248,2008-02-01,sh601002,晋亿实业,9.03,10.06,9.03,10.06,10.03,-1.0,-9.9701,2.9937,9019997,82906272.0,6668384100.0,2720739000.0
249,2008-02-04,sh601002,晋亿实业,9.62,9.65,9.1,9.22,9.03,0.59,6.5338,4.0551,12217997,114881156.0,7104081400.0,2898506000.0
250,2008-02-05,sh601002,晋亿实业,9.22,9.46,9.08,9.45,9.62,-0.4,-4.158,2.0652,6222563,57721819.0,6808693400.0,2777986000.0
251,2008-02-13,sh601002,晋亿实业,9.16,9.42,9.0,9.06,9.22,-0.06,-0.6508,0.8361,2519033,23179544.0,6764385200.0,2759908000.0
252,2008-02-14,sh601002,晋亿实业,9.38,9.41,9.21,9.26,9.16,0.22,2.4017,0.7001,2109251,19683431.0,6926848600.0,2826194000.0
253,2008-02-15,sh601002,晋亿实业,9.28,9.34,9.01,9.34,9.38,-0.1,-1.0661,0.7004,2110426,19334975.0,6853001600.0,2796064000.0
254,2008-02-18,sh601002,晋亿实业,9.45,9.62,9.24,9.3,9.28,0.17,1.8319,1.7587,5298830,49996852.0,6978541500.0,2847285000.0
255,2008-02-19,sh601002,晋亿实业,9.57,9.61,9.38,9.47,9.45,0.12,1.2698,1.1776,3547985,33799361.0,7067157900.0,2883441000.0
256,2008-02-20,sh601002,晋亿实业,9.39,9.75,9.38,9.55,9.57,-0.18,-1.8809,1.5373,4631743,44384071.0,6934233300.0,2829207000.0
257,2008-02-21,sh601002,晋亿实业,0.0,0.0,0.0,0.0,9.39,,,0.0,0,0.0,6934233300.0,2829207000.0
258,2008-02-22,sh601002,晋亿实业,9.12,9.55,8.95,9.41,9.39,-0.27,-2.8754,1.3519,4073183,37638465.0,6734846400.0,2747856000.0
259,2008-02-25,sh601002,晋亿实业,9.04,9.29,8.9,9.12,9.12,-0.08,-0.8772,0.8284,2496015,22536008.0,6675768800.0,2723752000.0
260,2008-02-26,sh601002,晋亿实业,9.14,9.29,8.86,9.08,9.04,0.1,1.1062,0.7345,2212906,20017204.0,6749615800.0,2753882000.0
261,2008-02-27,sh601002,晋亿实业,9.29,9.35,9.14,9.14,9.14,0.15,1.6411,0.8017,2415415,22395800.0,6860386300.0,2799077000.0
262,2008-02-28,sh601002,晋亿实业,9.27,9.41,9.17,9.27,9.29,-0.02,-0.2153,0.8766,2641077,24579207.0,6845616900.0,2793051000.0
263,2008-02-29,sh601002,晋亿实业,9.35,9.45,9.27,9.3,9.27,0.08,0.863,0.5672,1708911,16011903.0,6904694500.0,2817155000.0
264,2008-03-03,sh601002,晋亿实业,9.5,9.55,9.09,9.35,9.35,0.15,1.6043,1.4984,4514680,42313325.0,7015465000.0,2862350000.0
265,2008-03-04,sh601002,晋亿实业,9.3,9.58,9.26,9.54,9.5,-0.2,-2.1053,1.3012,3920440,36838102.0,6867771000.0,2802090000.0
266,2008-03-05,sh601002,晋亿实业,9.18,9.3,9.02,9.3,9.3,-0.12,-1.2903,1.2837,3867807,35325737.0,6779154600.0,2765934000.0
267,2008-03-06,sh601002,晋亿实业,9.57,9.6,9.14,9.19,9.18,0.39,4.2484,1.8751,5649621,53179362.0,7067157900.0,2883441000.0
268,2008-03-07,sh601002,晋亿实业,9.62,9.73,9.4,9.54,9.57,0.05,0.5225,2.4037,7242236,69559643.0,7104081400.0,2898506000.0
269,2008-03-10,sh601002,晋亿实业,9.27,9.58,9.13,9.58,9.62,-0.35,-3.6383,1.003,3021912,28265295.0,6845616900.0,2793051000.0
270,2008-03-11,sh601002,晋亿实业,10.2,10.2,9.28,9.28,9.27,0.93,10.0324,9.417,28373316,285449541.0,7532394000.0,3073260000.0
271,2008-03-12,sh601002,晋亿实业,9.73,10.34,9.7,10.28,10.2,-0.47,-4.6078,5.5009,16574120,165361529.0,7185313100.0,2931649000.0
272,2008-03-13,sh601002,晋亿实业,9.82,10.08,9.56,9.58,9.73,0.09,0.925,3.2498,9791772,96411649.0,7251775400.0,2958766000.0
273,2008-03-14,sh601002,晋亿实业,10.28,10.38,9.7,9.75,9.82,0.46,4.6843,5.0278,15148869,154310851.0,7591471600.0,3097364000.0
274,2008-03-17,sh601002,晋亿实业,9.64,10.5,9.5,10.11,10.28,-0.64,-6.2257,3.9784,11986791,120895694.0,7118850800.0,2904532000.0
275,2008-03-18,sh601002,晋亿实业,8.68,9.48,8.68,9.4,9.64,-0.96,-9.9585,2.7356,8242219,73124049.0,6409919600.0,2615284000.0
276,2008-03-19,sh601002,晋亿实业,8.93,9.15,7.85,8.77,8.68,0.25,2.8802,3.2731,9861859,85218951.0,6594537100.0,2690609000.0
277,2008-03-20,sh601002,晋亿实业,9.1,9.36,8.2,8.7,8.93,0.17,1.9037,2.9943,9021816,79043728.0,6720077000.0,2741830000.0
278,2008-03-21,sh601002,晋亿实业,8.97,9.26,8.84,8.98,9.1,-0.13,-1.4286,1.9156,5771703,52115387.0,6624075900.0,2702661000.0
279,2008-03-24,sh601002,晋亿实业,8.77,9.39,8.71,9.1,8.97,-0.2,-2.2297,1.9958,6013302,54992308.0,6476381900.0,2642401000.0
280,2008-03-25,sh601002,晋亿实业,8.61,8.8,8.21,8.5,8.77,-0.16,-1.8244,1.5568,4690781,39943860.0,6358226700.0,2594193000.0
281,2008-03-26,sh601002,晋亿实业,8.38,8.74,8.31,8.64,8.61,-0.23,-2.6713,1.2514,3770446,32171794.0,6188378600.0,2524894000.0
282,2008-03-27,sh601002,晋亿实业,7.9,8.27,7.86,8.27,8.38,-0.48,-5.7279,1.3107,3949235,31655712.0,5833913000.0,2380270000.0
283,2008-03-28,sh601002,晋亿实业,8.02,8.15,7.48,7.88,7.9,0.12,1.519,1.1066,3334279,26193112.0,5922529400.0,2416426000.0
284,2008-03-31,sh601002,晋亿实业,7.5,7.88,7.5,7.8,8.02,-0.52,-6.4838,1.0249,3088068,23648671.0,5538525000.0,2259750000.0
285,2008-04-01,sh601002,晋亿实业,6.79,7.68,6.75,7.5,7.5,-0.71,-9.4667,1.3438,4048730,28738326.0,5014211300.0,2045827000.0
286,2008-04-02,sh601002,晋亿实业,6.51,7.01,6.3,6.9,6.79,-0.28,-4.1237,1.1557,3482225,23023310.0,4807439700.0,1961463000.0
287,2008-04-03,sh601002,晋亿实业,6.68,6.8,6.31,6.45,6.51,0.17,2.6114,0.7757,2337178,15419264.0,4932979600.0,2012684000.0
288,2008-04-07,sh601002,晋亿实业,7.34,7.35,6.6,6.6,6.68,0.66,9.8802,1.6193,4878813,34594959.0,5420369800.0,2211542000.0
289,2008-04-08,sh601002,晋亿实业,7.44,7.8,7.0,7.47,7.34,0.1,1.3624,2.1298,6417128,47923343.0,5494216800.0,2241672000.0
290,2008-04-09,sh601002,晋亿实业,6.91,7.43,6.9,7.39,7.44,-0.53,-7.1237,1.2348,3720409,26709878.0,5102827700.0,2081983000.0
291,2008-04-10,sh601002,晋亿实业,7.07,7.08,6.75,6.88,6.91,0.16,2.3155,0.6419,1933932,13414074.0,5220982900.0,2130191000.0
292,2008-04-11,sh601002,晋亿实业,7.17,7.24,7.0,7.16,7.07,0.1,1.4144,0.4764,1435394,10245672.0,5294829900.0,2160321000.0
293,2008-04-14,sh601002,晋亿实业,6.46,7.01,6.45,7.0,7.17,-0.71,-9.9024,1.038,3127383,20752879.0,4770516200.0,1946398000.0
294,2008-04-15,sh601002,晋亿实业,6.75,6.79,6.32,6.45,6.46,0.29,4.4892,0.7313,2203435,14437405.0,4984672500.0,2033775000.0
295,2008-04-16,sh601002,晋亿实业,6.52,6.8,6.4,6.65,6.75,-0.23,-3.4074,0.5014,1510805,9975264.0,4814824400.0,1964476000.0
296,2008-04-17,sh601002,晋亿实业,6.1,6.65,6.0,6.52,6.52,-0.42,-6.4417,0.7682,2314445,14502690.0,4504667000.0,1837930000.0
297,2008-04-18,sh601002,晋亿实业,5.85,6.15,5.73,6.08,6.1,-0.25,-4.0984,0.7532,2269403,13432642.0,4320049500.0,1762605000.0
298,2008-04-21,sh601002,晋亿实业,5.99,6.37,5.78,6.3,5.85,0.14,2.3932,0.8035,2420968,14745310.0,4423435300.0,1804787000.0
299,2008-04-22,sh601002,晋亿实业,5.89,5.97,5.54,5.9,5.99,-0.1,-1.6694,0.7397,2228807,12889982.0,4349588300.0,1774657000.0
300,2008-04-23,sh601002,晋亿实业,6.26,6.39,5.81,5.94,5.89,0.37,6.2818,1.1587,3491179,21559137.0,4622822200.0,1886138000.0
301,2008-04-24,sh601002,晋亿实业,6.89,6.89,6.6,6.81,6.26,0.63,10.0639,2.6381,7948740,53844714.0,5088058300.0,2075957000.0
302,2008-04-25,sh601002,晋亿实业,6.72,7.06,6.7,6.89,6.89,-0.17,-2.4673,2.0039,6037786,41414697.0,4962518400.0,2024736000.0
303,2008-04-28,sh601002,晋亿实业,6.53,6.69,6.43,6.61,6.72,-0.19,-2.8274,1.0438,3145012,20633582.0,4822209100.0,1967489000.0
304,2008-04-29,sh601002,晋亿实业,6.52,6.67,6.4,6.5,6.53,-0.01,-0.1531,0.924,2783963,18303968.0,4814824400.0,1964476000.0
305,2008-04-30,sh601002,晋亿实业,0.0,0.0,0.0,0.0,6.52,,,0.0,0,0.0,4814824400.0,1964476000.0
306,2008-05-05,sh601002,晋亿实业,7.02,7.05,6.78,6.91,6.52,0.5,7.6687,2.004,6038168,41811705.0,5184059400.0,2115126000.0
307,2008-05-06,sh601002,晋亿实业,6.87,7.02,6.78,6.97,7.02,-0.15,-2.1368,1.2693,3824529,26411893.0,5073288900.0,2069931000.0
308,2008-05-07,sh601002,晋亿实业,6.83,7.27,6.8,6.9,6.87,-0.04,-0.5822,2.0196,6085101,42852967.0,5043750100.0,2057879000.0
309,2008-05-08,sh601002,晋亿实业,7.06,7.17,6.61,6.66,6.83,0.23,3.3675,1.3326,4015182,27864244.0,5213598200.0,2127178000.0
310,2008-05-09,sh601002,晋亿实业,6.86,7.12,6.75,7.12,7.06,-0.2,-2.8329,1.1196,3373437,23402425.0,5065904200.0,2066918000.0
311,2008-05-12,sh601002,晋亿实业,6.9,7.0,6.72,6.75,6.86,0.04,0.5831,0.9931,2992177,20454652.0,5095443000.0,2078970000.0
312,2008-05-13,sh601002,晋亿实业,6.76,6.84,6.51,6.6,6.9,-0.14,-2.029,1.1506,3466902,23171009.0,4992057200.0,2036788000.0
313,2008-05-14,sh601002,晋亿实业,7.19,7.2,6.66,6.69,6.76,0.43,6.3609,1.7593,5300640,37012363.0,5309599300.0,2166347000.0
314,2008-05-15,sh601002,晋亿实业,7.07,7.28,7.05,7.28,7.19,-0.12,-1.669,1.9634,5915592,42311124.0,5220982900.0,2130191000.0
315,2008-05-16,sh601002,晋亿实业,6.95,7.18,6.88,7.12,7.07,-0.12,-1.6973,1.0509,3166464,22097197.0,5132366500.0,2094035000.0
316,2008-05-19,sh601002,晋亿实业,6.91,6.94,6.74,6.93,6.95,-0.04,-0.5755,0.5223,1573540,10780248.0,5102827700.0,2081983000.0
317,2008-05-20,sh601002,晋亿实业,6.32,6.98,6.28,6.89,6.91,-0.59,-8.5384,0.8804,2652559,17764203.0,4667130400.0,1904216000.0
318,2008-05-21,sh601002,晋亿实业,6.49,6.55,6.11,6.32,6.32,0.17,2.6899,0.9343,2815110,17767437.0,4792670300.0,1955437000.0
319,2008-05-22,sh601002,晋亿实业,6.25,6.47,6.23,6.41,6.49,-0.24,-3.698,1.0572,3185215,20242258.0,4615437500.0,1883125000.0
320,2008-05-23,sh601002,晋亿实业,6.31,6.36,6.04,6.25,6.25,0.06,0.96,0.6162,1856531,11567741.0,4659745700.0,1901203000.0
321,2008-05-26,sh601002,晋亿实业,6.08,6.31,6.05,6.31,6.31,-0.23,-3.645,0.5559,1674802,10273450.0,4489897600.0,1831904000.0
322,2008-05-27,sh601002,晋亿实业,6.1,6.15,5.99,6.1,6.08,0.02,0.3289,0.4677,1409154,8553519.0,4504667000.0,1837930000.0
323,2008-05-28,sh601002,晋亿实业,6.24,6.3,6.03,6.11,6.1,0.14,2.2951,0.6845,2062319,12718246.0,4608052800.0,1880112000.0
324,2008-05-29,sh601002,晋亿实业,6.03,6.26,6.02,6.24,6.24,-0.21,-3.3654,0.6159,1855852,11396333.0,4452974100.0,1816839000.0
325,2008-05-30,sh601002,晋亿实业,6.07,6.11,5.95,6.0,6.03,0.04,0.6633,0.4847,1460468,8808050.0,4482512900.0,1828891000.0
326,2008-06-02,sh601002,晋亿实业,6.16,6.25,6.03,6.08,6.07,0.09,1.4827,0.5426,1634972,10090785.0,4548975200.0,1856008000.0
327,2008-06-03,sh601002,晋亿实业,6.09,6.2,6.01,6.13,6.16,-0.07,-1.1364,0.4883,1471166,8956767.0,4497282300.0,1834917000.0
328,2008-06-04,sh601002,晋亿实业,5.9,6.09,5.83,6.09,6.09,-0.19,-3.1199,0.5152,1552388,9223501.0,4356973000.0,1777670000.0
329,2008-06-05,sh601002,晋亿实业,5.85,5.96,5.79,5.81,5.9,-0.05,-0.8475,0.3659,1102336,6468730.0,4320049500.0,1762605000.0
330,2008-06-06,sh601002,晋亿实业,0.0,0.0,0.0,0.0,5.85,,,0.0,0,0.0,4320049500.0,1762605000.0
331,2008-06-10,sh601002,晋亿实业,6.44,6.44,5.59,5.6,5.85,0.59,10.0855,5.3527,16127624,100667450.0,4755746800.0,1940372000.0
332,2008-06-11,sh601002,晋亿实业,6.87,7.05,6.22,6.36,6.44,0.43,6.677,8.8338,26616214,180163811.0,5073288900.0,2069931000.0
333,2008-06-12,sh601002,晋亿实业,6.53,7.14,6.34,7.03,6.87,-0.34,-4.9491,4.9662,14963283,100998558.0,4822209100.0,1967489000.0
334,2008-06-13,sh601002,晋亿实业,7.01,7.18,6.22,6.61,6.53,0.48,7.3507,6.4346,19387538,131873775.0,5176674700.0,2112113000.0
335,2008-06-16,sh601002,晋亿实业,7.32,7.35,6.62,6.89,7.01,0.31,4.4223,6.7767,20418280,145035734.0,5405600400.0,2205516000.0
336,2008-06-17,sh601002,晋亿实业,6.61,7.35,6.59,7.14,7.32,-0.71,-9.6995,4.8027,14470415,101215068.0,4881286700.0,1991593000.0
337,2008-06-18,sh601002,晋亿实业,6.97,7.11,6.01,6.41,6.61,0.36,5.4463,5.3237,16040187,105812090.0,5147135900.0,2100061000.0
338,2008-06-19,sh601002,晋亿实业,6.27,6.93,6.27,6.65,6.97,-0.7,-10.043,3.1207,9402814,61914949.0,4630206900.0,1889151000.0
339,2008-06-20,sh601002,晋亿实业,5.96,6.56,5.64,6.11,6.27,-0.31,-4.9442,3.8922,11727147,71573308.0,4401281200.0,1795748000.0
340,2008-06-23,sh601002,晋亿实业,5.82,6.15,5.64,5.8,5.96,-0.14,-2.349,1.8827,5672437,33378341.0,4297895400.0,1753566000.0
341,2008-06-24,sh601002,晋亿实业,6.0,6.09,5.76,5.88,5.82,0.18,3.0928,1.9116,5759545,34324346.0,4430820000.0,1807800000.0
342,2008-06-25,sh601002,晋亿实业,6.38,6.42,5.9,5.9,6.0,0.38,6.3333,3.2077,9664728,59687968.0,4711438600.0,1922294000.0
343,2008-06-26,sh601002,晋亿实业,6.71,6.9,6.22,6.29,6.38,0.33,5.1724,4.012,12088017,80025933.0,4955133700.0,2021723000.0
344,2008-06-27,sh601002,晋亿实业,6.16,6.65,6.04,6.55,6.71,-0.55,-8.1967,3.2761,9870868,63058609.0,4548975200.0,1856008000.0
345,2008-06-30,sh601002,晋亿实业,6.78,6.78,6.09,6.19,6.16,0.62,10.0649,3.1666,9540963,61970213.0,5006826600.0,2042814000.0
346,2008-07-01,sh601002,晋亿实业,6.76,7.1,6.69,6.84,6.78,-0.02,-0.295,5.7457,17311680,119724205.0,4992057200.0,2036788000.0
347,2008-07-02,sh601002,晋亿实业,6.9,7.06,6.63,6.63,6.76,0.14,2.071,3.0831,9289283,63804643.0,5095443000.0,2078970000.0
348,2008-07-03,sh601002,晋亿实业,7.12,7.3,6.56,6.76,6.9,0.22,3.1884,5.0043,15078010,106008515.0,5257906400.0,2145256000.0
349,2008-07-04,sh601002,晋亿实业,6.98,7.32,6.9,7.1,7.12,-0.14,-1.9663,3.338,10057256,71267678.0,5154520600.0,2103074000.0
350,2008-07-07,sh601002,晋亿实业,7.24,7.35,6.85,6.98,6.98,0.26,3.7249,4.3508,13109107,93614105.0,5346522800.0,2181412000.0
351,2008-07-08,sh601002,晋亿实业,7.44,7.61,7.17,7.23,7.24,0.2,2.7624,4.5523,13716044,101908612.0,5494216800.0,2241672000.0
352,2008-07-09,sh601002,晋亿实业,7.47,7.57,7.25,7.43,7.44,0.03,0.4032,4.6754,14087036,103975065.0,5516370900.0,2250711000.0
353,2008-07-10,sh601002,晋亿实业,7.05,7.41,7.03,7.38,7.47,-0.42,-5.6225,4.0812,12296775,88890848.0,5206213500.0,2124165000.0
354,2008-07-11,sh601002,晋亿实业,7.17,7.29,6.95,7.0,7.05,0.12,1.7021,2.1766,6557962,46686818.0,5294829900.0,2160321000.0
355,2008-07-14,sh601002,晋亿实业,7.37,7.57,7.15,7.15,7.17,0.2,2.7894,2.7526,8293478,61241384.0,5442523900.0,2220581000.0
356,2008-07-15,sh601002,晋亿实业,6.97,7.47,6.92,7.4,7.37,-0.4,-5.4274,2.4596,7410799,52711057.0,5147135900.0,2100061000.0
357,2008-07-16,sh601002,晋亿实业,6.71,7.05,6.59,6.89,6.97,-0.26,-3.7303,2.2365,6738658,45747672.0,4955133700.0,2021723000.0
358,2008-07-17,sh601002,晋亿实业,6.52,6.96,6.5,6.82,6.71,-0.19,-2.8316,1.7811,5366422,36275448.0,4814824400.0,1964476000.0
359,2008-07-18,sh601002,晋亿实业,6.78,6.78,6.22,6.56,6.52,0.26,3.9877,1.5722,4736920,30955095.0,5006826600.0,2042814000.0
360,2008-07-21,sh601002,晋亿实业,6.98,7.02,6.68,6.71,6.78,0.2,2.9499,1.897,5715597,39413679.0,5154520600.0,2103074000.0
361,2008-07-22,sh601002,晋亿实业,7.17,7.33,6.85,7.0,6.98,0.19,2.7221,2.3954,7217475,51091916.0,5294829900.0,2160321000.0
362,2008-07-23,sh601002,晋亿实业,6.99,7.21,6.95,7.16,7.17,-0.18,-2.5105,1.6718,5037025,35795419.0,5161905300.0,2106087000.0
363,2008-07-24,sh601002,晋亿实业,7.27,7.37,6.99,6.99,6.99,0.28,4.0057,2.5911,7807080,56603107.0,5368676900.0,2190451000.0
364,2008-07-25,sh601002,晋亿实业,7.16,7.28,7.0,7.21,7.27,-0.11,-1.5131,1.3601,4098053,29393168.0,5287445200.0,2157308000.0
365,2008-07-28,sh601002,晋亿实业,7.22,7.4,7.16,7.18,7.16,0.06,0.838,1.3011,3920250,28492200.0,5331753400.0,2175386000.0
366,2008-07-29,sh601002,晋亿实业,6.91,7.16,6.9,7.16,7.22,-0.31,-4.2936,1.4098,4247584,29765382.0,5102827700.0,2081983000.0
367,2008-07-30,sh601002,晋亿实业,6.93,7.17,6.85,7.02,6.91,0.02,0.2894,1.1304,3405835,23860072.0,5117597100.0,2088009000.0
368,2008-07-31,sh601002,晋亿实业,6.66,7.01,6.65,6.92,6.93,-0.27,-3.8961,1.1118,3349924,22725008.0,4918210200.0,2006658000.0
369,2008-08-01,sh601002,晋亿实业,6.9,6.92,6.46,6.66,6.66,0.24,3.6036,1.2997,3916102,26220235.0,5095443000.0,2078970000.0
370,2008-08-04,sh601002,晋亿实业,6.61,6.9,6.54,6.79,6.9,-0.29,-4.2029,0.6796,2047566,13834167.0,4881286700.0,1991593000.0
371,2008-08-05,sh601002,晋亿实业,6.59,6.75,6.52,6.61,6.61,-0.02,-0.3026,0.6947,2093119,13895499.0,4866517300.0,1985567000.0
372,2008-08-06,sh601002,晋亿实业,6.75,6.79,6.55,6.63,6.59,0.16,2.4279,0.8799,2651253,17714151.0,4984672500.0,2033775000.0
373,2008-08-07,sh601002,晋亿实业,6.81,6.83,6.65,6.7,6.75,0.06,0.8889,0.6832,2058454,13913632.0,5028980700.0,2051853000.0
374,2008-08-08,sh601002,晋亿实业,6.13,6.9,6.13,6.89,6.81,-0.68,-9.9853,1.2725,3834006,24599699.0,4526821100.0,1846969000.0
375,2008-08-11,sh601002,晋亿实业,5.52,6.2,5.52,6.13,6.13,-0.61,-9.9511,1.3743,4140636,23465047.0,4076354400.0,1663176000.0
376,2008-08-12,sh601002,晋亿实业,5.15,5.48,4.99,5.43,5.52,-0.37,-6.7029,1.4553,4384773,22752469.0,3803120500.0,1551695000.0
377,2008-08-13,sh601002,晋亿实业,5.16,5.2,4.78,5.15,5.15,0.01,0.1942,1.1042,3326973,16677457.0,3810505200.0,1554708000.0
378,2008-08-14,sh601002,晋亿实业,5.1,5.17,4.97,5.05,5.16,-0.06,-1.1628,0.7472,2251362,11465751.0,3766197000.0,1536630000.0
379,2008-08-15,sh601002,晋亿实业,5.11,5.18,5.0,5.12,5.1,0.01,0.1961,0.6694,2016793,10317689.0,3773581700.0,1539643000.0
380,2008-08-18,sh601002,晋亿实业,4.6,5.16,4.6,5.11,5.11,-0.51,-9.9804,1.0293,3101160,14837143.0,3396962000.0,1385980000.0
381,2008-08-19,sh601002,晋亿实业,4.85,4.9,4.35,4.54,4.6,0.25,5.4348,1.1048,3328815,15640085.0,3581579500.0,1461305000.0
382,2008-08-20,sh601002,晋亿实业,5.21,5.25,4.66,4.77,4.85,0.36,7.4227,2.272,6845483,34662620.0,3847428700.0,1569773000.0
383,2008-08-21,sh601002,晋亿实业,4.72,5.19,4.7,5.05,5.21,-0.49,-9.405,1.4776,4452142,22208866.0,3485578400.0,1422136000.0
384,2008-08-22,sh601002,晋亿实业,4.65,4.79,4.5,4.76,4.72,-0.07,-1.4831,0.8634,2601418,12072421.0,3433885500.0,1401045000.0
385,2008-08-25,sh601002,晋亿实业,4.69,4.85,4.62,4.85,4.65,0.04,0.8602,0.5688,1713714,8087103.0,3463424300.0,1413097000.0
386,2008-08-26,sh601002,晋亿实业,4.35,4.65,4.25,4.61,4.69,-0.34,-7.2495,0.9191,2769316,12193909.0,3212344500.0,1310655000.0
387,2008-08-27,sh601002,晋亿实业,4.29,4.47,4.16,4.39,4.35,-0.06,-1.3793,0.8578,2584565,11131962.0,3168036300.0,1292577000.0
388,2008-08-28,sh601002,晋亿实业,4.37,4.4,4.18,4.27,4.29,0.08,1.8648,0.8332,2510559,10811663.0,3227113900.0,1316681000.0
389,2008-08-29,sh601002,晋亿实业,4.46,4.56,4.35,4.4,4.37,0.09,2.0595,0.719,2166397,9658045.0,3293576200.0,1343798000.0
390,2008-09-01,sh601002,晋亿实业,4.36,4.53,4.34,4.46,4.46,-0.1,-2.2422,0.6998,2108409,9329363.0,3219729200.0,1313668000.0
391,2008-09-02,sh601002,晋亿实业,4.44,4.48,4.21,4.28,4.36,0.08,1.8349,0.5857,1764643,7677828.0,3278806800.0,1337772000.0
392,2008-09-03,sh601002,晋亿实业,4.57,4.6,4.35,4.44,4.44,0.13,2.9279,0.8632,2600792,11610954.0,3374807900.0,1376941000.0
393,2008-09-04,sh601002,晋亿实业,0.0,0.0,0.0,0.0,4.57,,,0.0,0,0.0,3374807900.0,1376941000.0
394,2008-09-05,sh601002,晋亿实业,4.43,4.47,4.33,4.39,4.57,-0.14,-3.0635,0.8243,2483550,10854130.0,3271422100.0,1334759000.0
395,2008-09-08,sh601002,晋亿实业,4.24,4.42,4.13,4.42,4.43,-0.19,-4.2889,0.6979,2102690,8924311.0,3131112800.0,1277512000.0
396,2008-09-09,sh601002,晋亿实业,4.29,4.3,4.15,4.27,4.24,0.05,1.1792,0.4985,1502040,6354642.0,3168036300.0,1292577000.0
397,2008-09-10,sh601002,晋亿实业,4.42,4.5,4.15,4.28,4.29,0.13,3.0303,0.8658,2608780,11460977.0,3264037400.0,1331746000.0
398,2008-09-11,sh601002,晋亿实业,4.35,4.42,4.22,4.4,4.42,-0.07,-1.5837,0.5703,1718388,7426236.0,3212344500.0,1310655000.0
399,2008-09-12,sh601002,晋亿实业,4.37,4.45,4.29,4.38,4.35,0.02,0.4598,0.4499,1355585,5938669.0,3227113900.0,1316681000.0
400,2008-09-16,sh601002,晋亿实业,4.41,4.48,4.2,4.2,4.37,0.04,0.9153,1.0696,3222774,14039972.0,3256652700.0,1328733000.0
401,2008-09-17,sh601002,晋亿实业,4.26,4.47,4.25,4.4,4.41,-0.15,-3.4014,0.5383,1621829,7063321.0,3145882200.0,1283538000.0
402,2008-09-18,sh601002,晋亿实业,3.97,4.19,3.83,4.18,4.26,-0.29,-6.8075,1.4835,4469868,17588880.0,2931725900.0,1196161000.0
403,2008-09-19,sh601002,晋亿实业,4.37,4.37,4.23,4.32,3.97,0.4,10.0756,1.7511,5276099,22960920.0,3227113900.0,1316681000.0
404,2008-09-22,sh601002,晋亿实业,4.5,4.76,4.35,4.55,4.37,0.13,2.9748,2.7586,8311529,37851834.0,3323115000.0,1355850000.0
405,2008-09-23,sh601002,晋亿实业,4.07,4.36,4.06,4.33,4.5,-0.43,-9.5556,1.3224,3984296,16723740.0,3005572900.0,1226291000.0
406,2008-09-24,sh601002,晋亿实业,4.18,4.19,3.93,4.0,4.07,0.11,2.7027,0.6803,2049821,8416373.0,3086804600.0,1259434000.0
407,2008-09-25,sh601002,晋亿实业,4.28,4.39,4.17,4.21,4.18,0.1,2.3923,1.3585,4093302,17562964.0,3160651600.0,1289564000.0
408,2008-09-26,sh601002,晋亿实业,4.41,4.48,4.35,4.4,4.28,0.13,3.0374,1.9251,5800237,25621644.0,3256652700.0,1328733000.0
409,2008-10-06,sh601002,晋亿实业,4.39,4.52,4.25,4.3,4.41,-0.02,-0.4535,1.2212,3679460,16254467.0,3241883300.0,1322707000.0
410,2008-10-07,sh601002,晋亿实业,4.45,4.49,4.2,4.26,4.39,0.06,1.3667,0.9305,2803535,12344953.0,3286191500.0,1340785000.0
411,2008-10-08,sh601002,晋亿实业,4.39,4.49,4.31,4.43,4.45,-0.06,-1.3483,0.8441,2543194,11206601.0,3241883300.0,1322707000.0
412,2008-10-09,sh601002,晋亿实业,4.53,4.61,4.39,4.47,4.39,0.14,3.1891,1.9973,6017883,27192826.0,3345269100.0,1364889000.0
413,2008-10-10,sh601002,晋亿实业,4.08,4.46,4.08,4.4,4.53,-0.45,-9.9338,2.0337,6127560,25541199.0,3012957600.0,1229304000.0
414,2008-10-13,sh601002,晋亿实业,4.04,4.1,3.68,4.05,4.08,-0.04,-0.9804,1.5559,4687784,18193579.0,2983418800.0,1217252000.0
415,2008-10-14,sh601002,晋亿实业,3.75,4.2,3.74,4.14,4.04,-0.29,-7.1782,1.3155,3963680,15950346.0,2769262500.0,1129875000.0
416,2008-10-15,sh601002,晋亿实业,3.76,3.83,3.62,3.62,3.75,0.01,0.2667,0.8303,2501770,9306127.0,2776647200.0,1132888000.0
417,2008-10-16,sh601002,晋亿实业,3.38,3.65,3.38,3.6,3.76,-0.38,-10.1064,1.3079,3940800,13735716.0,2496028600.0,1018394000.0
418,2008-10-17,sh601002,晋亿实业,3.46,3.48,3.36,3.4,3.38,0.08,2.3669,0.5979,1801464,6186592.0,2555106200.0,1042498000.0
419,2008-10-20,sh601002,晋亿实业,3.61,3.62,3.42,3.48,3.46,0.15,4.3353,0.6402,1928868,6818696.0,2665876700.0,1087693000.0
420,2008-10-21,sh601002,晋亿实业,3.53,3.68,3.48,3.64,3.61,-0.08,-2.2161,0.8138,2451936,8812862.0,2606799100.0,1063589000.0
421,2008-10-22,sh601002,晋亿实业,3.4,3.52,3.34,3.47,3.53,-0.13,-3.6827,0.7227,2177600,7479087.0,2510798000.0,1024420000.0
422,2008-10-23,sh601002,晋亿实业,3.74,3.74,3.52,3.52,3.4,0.34,10.0,2.2884,6894962,25132017.0,2761877800.0,1126862000.0
423,2008-10-24,sh601002,晋亿实业,3.97,4.09,3.58,3.7,3.74,0.23,6.1497,3.6832,11097395,42391904.0,2931725900.0,1196161000.0
424,2008-10-27,sh601002,晋亿实业,3.88,4.15,3.86,3.86,3.97,-0.09,-2.267,4.3752,13182501,52807037.0,2865263600.0,1169044000.0
425,2008-10-28,sh601002,晋亿实业,4.1,4.14,3.8,3.9,3.88,0.22,5.6701,3.0815,9284558,37199044.0,3027727000.0,1235330000.0
426,2008-10-29,sh601002,晋亿实业,3.86,4.14,3.83,4.1,4.1,-0.24,-5.8537,2.4739,7453956,29811752.0,2850494200.0,1163018000.0
427,2008-10-30,sh601002,晋亿实业,3.93,4.0,3.79,3.91,3.86,0.07,1.8135,2.151,6480900,25403304.0,2902187100.0,1184109000.0
428,2008-10-31,sh601002,晋亿实业,3.73,3.92,3.7,3.92,3.93,-0.2,-5.0891,1.7401,5243018,19911750.0,2754493100.0,1123849000.0
429,2008-11-03,sh601002,晋亿实业,4.1,4.1,3.68,3.7,3.73,0.37,9.9196,3.8911,11723757,46988945.0,3027727000.0,1235330000.0
430,2008-11-04,sh601002,晋亿实业,4.19,4.35,4.03,4.13,4.1,0.09,2.1951,6.6611,20069864,84426397.0,3094189300.0,1262447000.0
431,2008-11-05,sh601002,晋亿实业,4.34,4.43,4.1,4.1,4.19,0.15,3.58,5.1327,15464833,66273581.0,3204959800.0,1307642000.0
432,2008-11-06,sh601002,晋亿实业,4.32,4.51,4.12,4.21,4.34,-0.02,-0.4608,4.8425,14590561,63585292.0,3190190400.0,1301616000.0
433,2008-11-07,sh601002,晋亿实业,4.38,4.46,4.18,4.2,4.32,0.06,1.3889,2.837,8547781,36849266.0,3234498600.0,1319694000.0
434,2008-11-10,sh601002,晋亿实业,4.82,4.82,4.46,4.52,4.38,0.44,10.0457,6.2471,18822584,88400920.0,3559425400.0,1452266000.0
435,2008-11-11,sh601002,晋亿实业,4.82,5.2,4.72,4.82,4.82,0.0,0.0,7.9866,24063585,119515737.0,3559425400.0,1452266000.0
436,2008-11-12,sh601002,晋亿实业,5.09,5.12,4.68,4.75,4.82,0.27,5.6017,4.7051,14176469,70487695.0,3758812300.0,1533617000.0
437,2008-11-13,sh601002,晋亿实业,5.54,5.6,4.95,5.01,5.09,0.45,8.8409,9.5228,28692173,156226293.0,4091123800.0,1669202000.0
438,2008-11-14,sh601002,晋亿实业,5.66,5.76,5.38,5.55,5.54,0.12,2.1661,8.7298,26302864,145998976.0,4179740200.0,1705358000.0
439,2008-11-17,sh601002,晋亿实业,6.18,6.22,5.4,5.51,5.66,0.52,9.1873,8.977,27047577,156835379.0,4563744600.0,1862034000.0
440,2008-11-18,sh601002,晋亿实业,5.57,6.14,5.56,5.91,6.18,-0.61,-9.8706,9.4037,28333418,165656917.0,4113277900.0,1678241000.0
441,2008-11-19,sh601002,晋亿实业,5.83,5.96,5.33,5.55,5.57,0.26,4.6679,6.4832,19533814,110259062.0,4305280100.0,1756579000.0
442,2008-11-20,sh601002,晋亿实业,5.52,5.84,5.33,5.6,5.83,-0.31,-5.3173,5.2907,15940955,89509588.0,4076354400.0,1663176000.0
443,2008-11-21,sh601002,晋亿实业,5.62,5.94,5.25,5.3,5.52,0.1,1.8116,5.3594,16148006,90724759.0,4150201400.0,1693306000.0
444,2008-11-24,sh601002,晋亿实业,5.61,5.85,5.4,5.63,5.62,-0.01,-0.1779,4.1638,12545441,71086357.0,4142816700.0,1690293000.0
445,2008-11-25,sh601002,晋亿实业,5.73,5.82,5.4,5.72,5.61,0.12,2.139,3.2919,9918433,55852154.0,4231433100.0,1726449000.0
446,2008-11-26,sh601002,晋亿实业,6.3,6.3,5.65,5.68,5.73,0.57,9.9476,8.5636,25802270,158075716.0,4652361000.0,1898190000.0
447,2008-11-27,sh601002,晋亿实业,6.09,6.7,6.0,6.7,6.3,-0.21,-3.3333,9.6692,29133199,187347224.0,4497282300.0,1834917000.0
448,2008-11-28,sh601002,晋亿实业,6.14,6.48,6.0,6.12,6.09,0.05,0.821,5.697,17165205,107079253.0,4534205800.0,1849982000.0
449,2008-12-01,sh601002,晋亿实业,6.15,6.27,5.73,5.95,6.14,0.01,0.1629,5.3285,16054807,96142833.0,4541590500.0,1852995000.0
450,2008-12-02,sh601002,晋亿实业,6.08,6.19,5.83,5.91,6.15,-0.07,-1.1382,3.5029,10554341,63473343.0,4489897600.0,1831904000.0
451,2008-12-03,sh601002,晋亿实业,6.44,6.6,6.02,6.16,6.08,0.36,5.9211,6.5476,19727845,123157959.0,4755746800.0,1940372000.0
452,2008-12-04,sh601002,晋亿实业,6.19,6.55,6.17,6.43,6.44,-0.25,-3.882,7.3161,22043359,139810619.0,4571129300.0,1865047000.0
453,2008-12-05,sh601002,晋亿实业,6.11,6.21,5.9,6.08,6.19,-0.08,-1.2924,4.1228,12422114,75590928.0,4512051700.0,1840943000.0
454,2008-12-08,sh601002,晋亿实业,6.38,6.48,6.11,6.11,6.11,0.27,4.419,4.8978,14756956,93438684.0,4711438600.0,1922294000.0
455,2008-12-09,sh601002,晋亿实业,6.03,6.45,6.02,6.45,6.38,-0.35,-5.4859,3.7096,11177121,68950212.0,4452974100.0,1816839000.0
456,2008-12-10,sh601002,晋亿实业,6.14,6.25,6.01,6.04,6.03,0.11,1.8242,2.8081,8460912,51729110.0,4534205800.0,1849982000.0
457,2008-12-11,sh601002,晋亿实业,5.94,6.21,5.88,6.15,6.14,-0.2,-3.2573,4.0264,12131576,73129940.0,4386511800.0,1789722000.0
458,2008-12-12,sh601002,晋亿实业,5.47,5.95,5.35,5.8,5.94,-0.47,-7.9125,3.7326,11246438,63299928.0,4039430900.0,1648111000.0
459,2008-12-15,sh601002,晋亿实业,5.48,5.63,5.33,5.51,5.47,0.01,0.1828,2.3991,7228384,39638369.0,4046815600.0,1651124000.0
460,2008-12-16,sh601002,晋亿实业,5.73,5.75,5.4,5.41,5.48,0.25,4.562,2.9829,8987539,50411652.0,4231433100.0,1726449000.0
461,2008-12-17,sh601002,晋亿实业,5.69,5.83,5.67,5.7,5.73,-0.04,-0.6981,2.5555,7699610,44207731.0,4201894300.0,1714397000.0
462,2008-12-18,sh601002,晋亿实业,5.76,5.82,5.62,5.66,5.69,0.07,1.2302,2.308,6954098,39919908.0,4253587200.0,1735488000.0
463,2008-12-19,sh601002,晋亿实业,5.74,5.83,5.71,5.75,5.76,-0.02,-0.3472,2.2477,6772440,39039292.0,4238817800.0,1729462000.0
464,2008-12-22,sh601002,晋亿实业,5.82,5.97,5.76,5.8,5.74,0.08,1.3937,2.4153,7277224,42695760.0,4297895400.0,1753566000.0
465,2008-12-23,sh601002,晋亿实业,5.27,5.87,5.26,5.85,5.82,-0.55,-9.4502,2.5512,7686912,42315657.0,3891736900.0,1587851000.0
466,2008-12-24,sh601002,晋亿实业,5.11,5.33,4.97,5.1,5.27,-0.16,-3.0361,1.8378,5537439,28437268.0,3773581700.0,1539643000.0
467,2008-12-25,sh601002,晋亿实业,5.13,5.25,5.0,5.15,5.11,0.02,0.3914,1.5454,4656182,23901864.0,3788351100.0,1545669000.0
468,2008-12-26,sh601002,晋亿实业,5.14,5.3,5.11,5.18,5.13,0.01,0.1949,1.2838,3868052,20119230.0,3795735800.0,1548682000.0
469,2008-12-29,sh601002,晋亿实业,5.38,5.44,5.0,5.05,5.14,0.24,4.6693,3.0219,9104910,48092116.0,3972968600.0,1620994000.0
470,2008-12-30,sh601002,晋亿实业,5.32,5.4,5.25,5.3,5.38,-0.06,-1.1152,1.6406,4943021,26301732.0,3928660400.0,1602916000.0
471,2008-12-31,sh601002,晋亿实业,5.24,5.47,5.23,5.34,5.32,-0.08,-1.5038,1.1852,3570989,19190980.0,3869582800.0,1578812000.0
472,2009-01-05,sh601002,晋亿实业,5.5,5.57,5.31,5.33,5.24,0.26,4.9618,1.9266,5804824,31743728.0,4061585000.0,1657150000.0
473,2009-01-06,sh601002,晋亿实业,5.76,5.78,5.4,5.47,5.5,0.26,4.7273,3.0914,9314358,52319251.0,4253587200.0,1735488000.0
474,2009-01-07,sh601002,晋亿实业,5.79,5.94,5.67,5.8,5.76,0.03,0.5208,2.3759,7158660,41414138.0,4275741300.0,1744527000.0
475,2009-01-08,sh601002,晋亿实业,5.56,5.76,5.41,5.76,5.79,-0.23,-3.9724,1.9233,5794777,32253226.0,4105893200.0,1675228000.0
476,2009-01-09,sh601002,晋亿实业,5.63,5.66,5.5,5.58,5.56,0.07,1.259,1.4309,4311260,24107622.0,4157586100.0,1696319000.0
477,2009-01-12,sh601002,晋亿实业,5.68,5.76,5.55,5.63,5.63,0.05,0.8881,1.4655,4415514,25125960.0,4194509600.0,1711384000.0
478,2009-01-13,sh601002,晋亿实业,5.35,5.61,5.31,5.61,5.68,-0.33,-5.8099,1.5154,4565928,24904210.0,3950814500.0,1611955000.0
479,2009-01-14,sh601002,晋亿实业,5.59,5.63,5.38,5.39,5.35,0.24,4.486,1.467,4420005,24351402.0,4128047300.0,1684267000.0
480,2009-01-15,sh601002,晋亿实业,5.92,5.94,5.44,5.49,5.59,0.33,5.9034,4.3258,13033601,75734932.0,4371742400.0,1783696000.0
481,2009-01-16,sh601002,晋亿实业,5.92,6.14,5.85,5.95,5.92,0.0,0.0,4.5783,13794473,82508504.0,4371742400.0,1783696000.0
482,2009-01-19,sh601002,晋亿实业,5.81,6.0,5.71,5.95,5.92,-0.11,-1.8581,2.5724,7750771,44984228.0,4290510700.0,1750553000.0
483,2009-01-20,sh601002,晋亿实业,5.75,5.83,5.54,5.81,5.81,-0.06,-1.0327,3.1361,9449175,53415753.0,4246202500.0,1732475000.0
484,2009-01-21,sh601002,晋亿实业,5.65,5.79,5.6,5.66,5.75,-0.1,-1.7391,2.7221,8201814,46713703.0,4172355500.0,1702345000.0
485,2009-01-22,sh601002,晋亿实业,5.94,5.95,5.71,5.73,5.65,0.29,5.1327,4.2117,12689748,73834879.0,4386511800.0,1789722000.0
486,2009-01-23,sh601002,晋亿实业,5.75,5.95,5.71,5.9,5.94,-0.19,-3.1987,2.5231,7602067,44182562.0,4246202500.0,1732475000.0
487,2009-02-02,sh601002,晋亿实业,5.95,5.96,5.7,5.81,5.75,0.2,3.4783,2.653,7993584,47023048.0,4393896500.0,1792735000.0
488,2009-02-03,sh601002,晋亿实业,6.16,6.24,5.9,5.96,5.95,0.21,3.5294,4.9543,14927393,90624195.0,4548975200.0,1856008000.0
489,2009-02-04,sh601002,晋亿实业,6.17,6.21,6.0,6.15,6.16,0.01,0.1623,4.633,13959172,85113022.0,4556359900.0,1859021000.0
490,2009-02-05,sh601002,晋亿实业,6.19,6.39,6.06,6.17,6.17,0.02,0.3241,5.7103,17205273,106818134.0,4571129300.0,1865047000.0
491,2009-02-06,sh601002,晋亿实业,6.32,6.38,6.23,6.25,6.19,0.13,2.1002,4.8156,14509397,91635656.0,4667130400.0,1904216000.0
492,2009-02-09,sh601002,晋亿实业,6.39,6.43,6.22,6.36,6.32,0.07,1.1076,4.9389,14880828,94027016.0,4718823300.0,1925307000.0
493,2009-02-10,sh601002,晋亿实业,6.37,6.45,6.18,6.34,6.39,-0.02,-0.313,4.5534,13719454,86720350.0,4704053900.0,1919281000.0
494,2009-02-11,sh601002,晋亿实业,6.62,6.9,6.22,6.3,6.37,0.25,3.9246,6.9869,21051390,138156943.0,4888671400.0,1994606000.0
495,2009-02-12,sh601002,晋亿实业,6.47,6.68,6.2,6.57,6.62,-0.15,-2.2659,4.5234,13628883,87349312.0,4777900900.0,1949411000.0
496,2009-02-13,sh601002,晋亿实业,6.68,6.76,6.36,6.45,6.47,0.21,3.2457,5.7681,17379362,115204090.0,4932979600.0,2012684000.0
497,2009-02-16,sh601002,晋亿实业,6.91,6.98,6.54,6.68,6.68,0.23,3.4431,5.7139,17216001,116067042.0,5102827700.0,2081983000.0
498,2009-02-17,sh601002,晋亿实业,6.81,7.16,6.76,6.87,6.91,-0.1,-1.4472,6.7318,20282789,141814483.0,5028980700.0,2051853000.0
499,2009-02-18,sh601002,晋亿实业,6.29,6.83,6.23,6.55,6.81,-0.52,-7.6358,4.4853,13514137,88233488.0,4644976300.0,1895177000.0
500,2009-02-19,sh601002,晋亿实业,6.44,6.57,6.26,6.34,6.29,0.15,2.3847,3.3289,10029970,64289671.0,4755746800.0,1940372000.0
501,2009-02-20,sh601002,晋亿实业,6.57,6.62,6.3,6.45,6.44,0.13,2.0186,2.8733,8657344,56150269.0,4851747900.0,1979541000.0
502,2009-02-23,sh601002,晋亿实业,6.67,6.76,6.38,6.53,6.57,0.1,1.5221,3.3833,10193782,67211037.0,4925594900.0,2009671000.0
503,2009-02-24,sh601002,晋亿实业,6.16,6.64,6.12,6.6,6.67,-0.51,-7.6462,4.7845,14415571,91933817.0,4548975200.0,1856008000.0
504,2009-02-25,sh601002,晋亿实业,6.18,6.33,5.96,6.25,6.16,0.02,0.3247,3.0199,9098844,55758765.0,4563744600.0,1862034000.0
505,2009-02-26,sh601002,晋亿实业,5.73,6.35,5.6,6.2,6.18,-0.45,-7.2816,2.6645,8028198,49017699.0,4231433100.0,1726449000.0
506,2009-02-27,sh601002,晋亿实业,5.39,5.78,5.27,5.73,5.73,-0.34,-5.9337,2.6502,7985186,43356030.0,3980353300.0,1624007000.0
507,2009-03-02,sh601002,晋亿实业,5.59,5.7,5.34,5.4,5.39,0.2,3.7106,1.968,5929693,33051130.0,4128047300.0,1684267000.0
508,2009-03-03,sh601002,晋亿实业,5.85,5.87,5.4,5.45,5.59,0.26,4.6512,3.2958,9930388,56759056.0,4320049500.0,1762605000.0
509,2009-03-04,sh601002,晋亿实业,6.14,6.18,5.88,5.88,5.85,0.29,4.9573,5.0882,15330644,91887331.0,4534205800.0,1849982000.0
510,2009-03-05,sh601002,晋亿实业,6.32,6.33,6.02,6.13,6.14,0.18,2.9316,4.8539,14624723,89806470.0,4667130400.0,1904216000.0
511,2009-03-06,sh601002,晋亿实业,6.16,6.27,6.09,6.18,6.32,-0.16,-2.5316,1.8062,5442054,33618681.0,4548975200.0,1856008000.0
512,2009-03-09,sh601002,晋亿实业,5.76,6.22,5.73,6.12,6.16,-0.4,-6.4935,1.7357,5229661,31355263.0,4253587200.0,1735488000.0
513,2009-03-10,sh601002,晋亿实业,6.04,6.06,5.58,5.6,5.76,0.28,4.8611,1.5566,4690026,27333330.0,4460358800.0,1819852000.0
514,2009-03-11,sh601002,晋亿实业,6.3,6.39,6.05,6.18,6.04,0.26,4.3046,4.724,14233346,89138539.0,4652361000.0,1898190000.0
515,2009-03-12,sh601002,晋亿实业,6.4,6.42,6.15,6.3,6.3,0.1,1.5873,3.902,11756728,74367905.0,4726208000.0,1928320000.0
516,2009-03-13,sh601002,晋亿实业,6.26,6.75,6.25,6.45,6.4,-0.14,-2.1875,5.282,15914803,104119414.0,4622822200.0,1886138000.0
517,2009-03-16,sh601002,晋亿实业,6.62,6.65,6.27,6.29,6.26,0.36,5.7508,3.8958,11737913,76575533.0,4888671400.0,1994606000.0
518,2009-03-17,sh601002,晋亿实业,6.75,6.89,6.58,6.69,6.62,0.13,1.9637,7.3991,22293469,150428136.0,4984672500.0,2033775000.0
519,2009-03-18,sh601002,晋亿实业,7.11,7.31,6.63,6.75,6.75,0.36,5.3333,8.8461,26653309,186324053.0,5250521700.0,2142243000.0
520,2009-03-19,sh601002,晋亿实业,7.17,7.2,6.96,7.2,7.11,0.06,0.8439,4.4742,13480828,95678359.0,5294829900.0,2160321000.0
521,2009-03-20,sh601002,晋亿实业,7.0,7.17,6.86,7.1,7.17,-0.17,-2.371,3.6248,10921526,76548888.0,5169290000.0,2109100000.0
522,2009-03-23,sh601002,晋亿实业,7.47,7.52,6.98,7.07,7.0,0.47,6.7143,5.4737,16492301,119037407.0,5516370900.0,2250711000.0
523,2009-03-24,sh601002,晋亿实业,7.34,7.52,7.24,7.46,7.47,-0.13,-1.7403,3.695,11133086,82102979.0,5420369800.0,2211542000.0
524,2009-03-25,sh601002,晋亿实业,6.94,7.36,6.9,7.29,7.34,-0.4,-5.4496,4.03,12142416,86619816.0,5124981800.0,2091022000.0
525,2009-03-26,sh601002,晋亿实业,7.12,7.12,6.83,6.94,6.94,0.18,2.5937,2.3427,7058642,49514028.0,5257906400.0,2145256000.0
526,2009-03-27,sh601002,晋亿实业,7.03,7.27,6.98,7.15,7.12,-0.09,-1.264,2.8276,8519500,60540238.0,5191444100.0,2118139000.0
527,2009-03-30,sh601002,晋亿实业,6.96,7.09,6.92,7.0,7.03,-0.07,-0.9957,1.7685,5328542,37270763.0,5139751200.0,2097048000.0
528,2009-03-31,sh601002,晋亿实业,7.03,7.1,6.73,6.81,6.96,0.07,1.0057,1.9681,5929810,41128112.0,5191444100.0,2118139000.0
529,2009-04-01,sh601002,晋亿实业,7.41,7.44,7.02,7.07,7.03,0.38,5.4054,3.988,12015952,86967372.0,5472062700.0,2232633000.0
530,2009-04-02,sh601002,晋亿实业,7.16,7.42,7.15,7.35,7.41,-0.25,-3.3738,3.7199,11208045,81227154.0,5287445200.0,2157308000.0
531,2009-04-03,sh601002,晋亿实业,6.93,7.2,6.9,7.19,7.16,-0.23,-3.2123,2.8376,8549673,59891337.0,5117597100.0,2088009000.0
532,2009-04-07,sh601002,晋亿实业,7.07,7.07,6.93,6.93,6.93,0.14,2.0202,1.3759,4145568,29070587.0,5220982900.0,2130191000.0
533,2009-04-08,sh601002,晋亿实业,6.69,7.15,6.67,7.03,7.07,-0.38,-5.3748,2.3444,7063820,48831776.0,4940364300.0,2015697000.0
534,2009-04-09,sh601002,晋亿实业,6.83,6.84,6.66,6.75,6.69,0.14,2.0927,1.7339,5224330,35232966.0,5043750100.0,2057879000.0
535,2009-04-10,sh601002,晋亿实业,7.3,7.5,6.85,6.88,6.83,0.47,6.8814,5.1747,15591476,113103069.0,5390831000.0,2199490000.0
536,2009-04-13,sh601002,晋亿实业,7.56,7.75,7.3,7.3,7.3,0.26,3.5616,6.9264,20869163,158300571.0,5582833200.0,2277828000.0
537,2009-04-14,sh601002,晋亿实业,7.46,7.59,7.31,7.55,7.56,-0.1,-1.3228,3.7371,11259933,84039538.0,5508986200.0,2247698000.0
538,2009-04-15,sh601002,晋亿实业,7.5,7.58,7.3,7.42,7.46,0.04,0.5362,2.7415,8260222,61319159.0,5538525000.0,2259750000.0
539,2009-04-16,sh601002,晋亿实业,7.65,7.8,7.39,7.51,7.5,0.15,2.0,4.132,12449763,95074038.0,5649295500.0,2304945000.0
540,2009-04-17,sh601002,晋亿实业,7.34,7.66,7.26,7.56,7.65,-0.31,-4.0523,3.3026,9950706,74193949.0,5420369800.0,2211542000.0
541,2009-04-20,sh601002,晋亿实业,7.41,7.55,7.27,7.27,7.34,0.07,0.9537,5.5635,16762808,123905142.0,5472062700.0,2232633000.0
542,2009-04-21,sh601002,晋亿实业,8.15,8.15,7.3,7.35,7.41,0.74,9.9865,8.5292,25698624,200095052.0,6018530500.0,2455595000.0
543,2009-04-22,sh601002,晋亿实业,7.6,8.3,7.5,8.2,8.15,-0.55,-6.7485,7.372,22211825,175978027.0,5612372000.0,2289880000.0
544,2009-04-23,sh601002,晋亿实业,7.8,8.05,7.4,7.4,7.6,0.2,2.6316,5.5526,16729942,130729365.0,5760066000.0,2350140000.0
545,2009-04-24,sh601002,晋亿实业,8.16,8.3,7.76,7.82,7.8,0.36,4.6154,6.3738,19204202,156476676.0,6025915200.0,2458608000.0
546,2009-04-27,sh601002,晋亿实业,7.93,8.4,7.73,8.32,8.16,-0.23,-2.8186,4.6512,14014214,113031310.0,5856067100.0,2389309000.0
547,2009-04-28,sh601002,晋亿实业,7.96,8.02,7.62,7.75,7.93,0.03,0.3783,3.0173,9091088,71058421.0,5878221200.0,2398348000.0
548,2009-04-29,sh601002,晋亿实业,8.6,8.76,7.85,7.94,7.96,0.64,8.0402,6.5122,19621207,168168315.0,6350842000.0,2591180000.0
549,2009-04-30,sh601002,晋亿实业,8.6,8.67,8.4,8.55,8.6,0.0,0.0,3.1418,9466116,80756904.0,6350842000.0,2591180000.0
550,2009-05-04,sh601002,晋亿实业,0.0,0.0,0.0,0.0,8.6,,,0.0,0,0.0,6350842000.0,2591180000.0
551,2009-05-05,sh601002,晋亿实业,8.71,9.15,8.67,8.92,8.6,0.11,1.2791,4.507,13579690,120679386.0,6432073700.0,2624323000.0
552,2009-05-06,sh601002,晋亿实业,8.86,8.97,8.57,8.71,8.71,0.15,1.7222,2.7096,8163990,71920444.0,6542844200.0,2669518000.0
553,2009-05-07,sh601002,晋亿实业,8.64,9.0,8.44,8.93,8.86,-0.22,-2.4831,3.321,10006044,86258997.0,6380380800.0,2603232000.0
554,2009-05-08,sh601002,晋亿实业,8.71,8.86,8.45,8.55,8.64,0.07,0.8102,2.4096,7260023,63039751.0,6432073700.0,2624323000.0
555,2009-05-11,sh601002,晋亿实业,8.28,8.77,8.2,8.71,8.71,-0.43,-4.9369,3.5022,10551988,88740003.0,6114531600.0,2494764000.0
556,2009-05-12,sh601002,晋亿实业,8.31,8.45,8.01,8.28,8.28,0.03,0.3623,2.3043,6942898,57068489.0,6136685700.0,2503803000.0
557,2009-05-13,sh601002,晋亿实业,8.49,8.55,8.11,8.32,8.31,0.18,2.1661,2.8061,8454797,70123500.0,6269610300.0,2558037000.0
558,2009-05-14,sh601002,晋亿实业,8.39,8.4,8.2,8.37,8.49,-0.1,-1.1779,2.1631,6517417,53969445.0,6195763300.0,2527907000.0
559,2009-05-15,sh601002,晋亿实业,8.29,8.47,8.23,8.32,8.39,-0.1,-1.1919,1.717,5173201,43023547.0,6121916300.0,2497777000.0
560,2009-05-18,sh601002,晋亿实业,8.49,8.51,8.2,8.2,8.29,0.2,2.4125,2.1615,6512456,54761390.0,6269610300.0,2558037000.0
561,2009-05-19,sh601002,晋亿实业,8.5,8.68,8.42,8.54,8.49,0.01,0.1178,2.3322,7026972,59989039.0,6276995000.0,2561050000.0
562,2009-05-20,sh601002,晋亿实业,8.29,8.55,8.23,8.52,8.5,-0.21,-2.4706,2.0923,6304125,52430162.0,6121916300.0,2497777000.0
563,2009-05-21,sh601002,晋亿实业,8.09,8.34,8.0,8.25,8.29,-0.2,-2.4125,2.0774,6259233,50621925.0,5974222300.0,2437517000.0
564,2009-05-22,sh601002,晋亿实业,8.0,8.13,7.8,7.8,8.09,-0.09,-1.1125,1.2791,3853778,30619127.0,5907760000.0,2410400000.0
565,2009-05-25,sh601002,晋亿实业,7.91,7.99,7.68,7.73,8.0,-0.09,-1.125,1.369,4124682,32315734.0,5841297700.0,2383283000.0
566,2009-05-26,sh601002,晋亿实业,7.94,8.12,7.86,7.86,7.91,0.03,0.3793,1.3546,4081429,32636246.0,5863451800.0,2392322000.0
567,2009-05-27,sh601002,晋亿实业,7.95,8.18,7.85,8.0,7.94,0.01,0.1259,1.1164,3363623,26738818.0,5870836500.0,2395335000.0
568,2009-06-01,sh601002,晋亿实业,8.16,8.17,7.98,7.99,7.95,0.21,2.6415,2.3566,7100291,57269276.0,6025915200.0,2458608000.0
569,2009-06-02,sh601002,晋亿实业,8.07,8.22,8.0,8.17,8.16,-0.09,-1.1029,2.1698,6537736,52765522.0,5959452900.0,2431491000.0
570,2009-06-03,sh601002,晋亿实业,8.01,8.12,7.88,8.04,8.07,-0.06,-0.7435,2.0213,6090310,48514896.0,5915144700.0,2413413000.0
571,2009-06-04,sh601002,晋亿实业,8.1,8.17,7.96,8.0,8.01,0.09,1.1236,1.9975,6018490,48519108.0,5981607000.0,2440530000.0
572,2009-06-05,sh601002,晋亿实业,8.1,8.15,7.99,8.09,8.1,0.0,0.0,1.8427,5552023,44783709.0,5981607000.0,2440530000.0
573,2009-06-08,sh601002,晋亿实业,7.89,8.14,7.7,8.13,8.1,-0.21,-2.5926,3.1309,9433280,75018343.0,5826528300.0,2377257000.0
574,2009-06-09,sh601002,晋亿实业,7.65,7.88,7.41,7.8,7.89,-0.24,-3.0418,3.1959,9629164,73350342.0,5649295500.0,2304945000.0
575,2009-06-10,sh601002,晋亿实业,8.01,8.14,7.56,7.67,7.65,0.36,4.7059,4.5816,13804459,109248174.0,5915144700.0,2413413000.0
576,2009-06-11,sh601002,晋亿实业,7.74,7.99,7.64,7.99,8.01,-0.27,-3.3708,3.5407,10668069,82998282.0,5715757800.0,2332062000.0
577,2009-06-12,sh601002,晋亿实业,7.57,7.75,7.4,7.69,7.74,-0.17,-2.1964,2.8524,8594274,65094585.0,5590217900.0,2280841000.0
578,2009-06-15,sh601002,晋亿实业,7.6,7.64,7.5,7.56,7.57,0.03,0.3963,1.1313,3408576,25804261.0,5612372000.0,2289880000.0
579,2009-06-16,sh601002,晋亿实业,7.55,7.67,7.48,7.5,7.6,-0.05,-0.6579,1.2844,3869772,29190804.0,5575448500.0,2274815000.0
580,2009-06-17,sh601002,晋亿实业,7.6,7.6,7.45,7.51,7.55,0.05,0.6623,1.4792,4456739,33593667.0,5612372000.0,2289880000.0
581,2009-06-18,sh601002,晋亿实业,7.7,7.75,7.53,7.58,7.6,0.1,1.3158,2.2755,6856179,52574913.0,5686219000.0,2320010000.0
582,2009-06-19,sh601002,晋亿实业,8.02,8.04,7.69,7.7,7.7,0.32,4.1558,5.4692,16478763,130363661.0,5922529400.0,2416426000.0
583,2009-06-22,sh601002,晋亿实业,7.88,8.05,7.81,8.03,8.02,-0.14,-1.7456,2.9151,8783303,69319185.0,5819143600.0,2374244000.0
584,2009-06-23,sh601002,晋亿实业,7.78,7.84,7.7,7.75,7.88,-0.1,-1.269,1.6883,5086917,39498061.0,5745296600.0,2344114000.0
585,2009-06-24,sh601002,晋亿实业,7.92,7.97,7.75,7.8,7.78,0.14,1.7995,2.4141,7273761,57427897.0,5848682400.0,2386296000.0
586,2009-06-25,sh601002,晋亿实业,7.7,7.96,7.62,7.9,7.92,-0.22,-2.7778,2.7402,8256206,64025253.0,5686219000.0,2320010000.0
587,2009-06-26,sh601002,晋亿实业,7.64,7.75,7.57,7.71,7.7,-0.06,-0.7792,1.7317,5217619,39796922.0,5641910800.0,2301932000.0
588,2009-06-29,sh601002,晋亿实业,7.64,7.68,7.56,7.6,7.64,0.0,0.0,1.8477,5567130,42295328.0,5641910800.0,2301932000.0
589,2009-06-30,sh601002,晋亿实业,7.53,7.65,7.45,7.64,7.64,-0.11,-1.4398,1.955,5890530,44244884.0,5560679100.0,2268789000.0
590,2009-07-01,sh601002,晋亿实业,7.65,7.75,7.47,7.53,7.53,0.12,1.5936,2.2411,6752344,51437437.0,5649295500.0,2304945000.0
591,2009-07-02,sh601002,晋亿实业,7.58,7.7,7.5,7.65,7.65,-0.07,-0.915,2.4796,7471156,56445975.0,5597602600.0,2283854000.0
592,2009-07-03,sh601002,晋亿实业,7.56,7.65,7.44,7.49,7.58,-0.02,-0.2639,3.3258,10020660,75562679.0,5582833200.0,2277828000.0
593,2009-07-06,sh601002,晋亿实业,7.84,7.9,7.62,7.7,7.56,0.28,3.7037,5.8209,17538321,136157936.0,5789604800.0,2362192000.0
594,2009-07-07,sh601002,晋亿实业,7.72,7.9,7.69,7.84,7.84,-0.12,-1.5306,3.6443,10980216,85433845.0,5700988400.0,2326036000.0
595,2009-07-08,sh601002,晋亿实业,0.0,0.0,0.0,0.0,7.72,,,0.0,0,0.0,5700988400.0,2326036000.0
596,2009-07-09,sh601002,晋亿实业,7.9,7.94,7.73,7.84,7.72,0.18,2.3316,3.8308,11542228,90420578.0,5833913000.0,2380270000.0
597,2009-07-10,sh601002,晋亿实业,7.9,8.01,7.82,7.93,7.9,0.0,0.0,3.3282,10027753,79474949.0,5833913000.0,2380270000.0
598,2009-07-13,sh601002,晋亿实业,7.95,7.97,7.86,7.9,7.9,0.05,0.6329,3.1905,9613010,76276649.0,5870836500.0,2395335000.0
599,2009-07-14,sh601002,晋亿实业,7.86,7.89,7.6,7.88,7.95,-0.09,-1.1321,7.8357,23608859,183414003.0,5804374200.0,2368218000.0
600,2009-07-15,sh601002,晋亿实业,7.92,7.93,7.78,7.84,7.86,0.06,0.7634,5.5056,16588316,130428028.0,5848682400.0,2386296000.0
601,2009-07-16,sh601002,晋亿实业,7.83,7.98,7.82,7.95,7.92,-0.09,-1.1364,3.9009,11753381,92596924.0,5782220100.0,2359179000.0
602,2009-07-17,sh601002,晋亿实业,8.22,8.25,7.8,7.99,7.83,0.39,4.9808,9.1183,27473501,219916043.0,6070223400.0,2476686000.0
603,2009-07-20,sh601002,晋亿实业,8.3,8.39,8.1,8.16,8.22,0.08,0.9732,7.5533,22758059,187571735.0,6129301000.0,2500790000.0
604,2009-07-21,sh601002,晋亿实业,7.87,8.27,7.85,8.27,8.3,-0.43,-5.1807,5.329,16056211,129241316.0,5811758900.0,2371231000.0
605,2009-07-22,sh601002,晋亿实业,7.91,7.98,7.82,7.82,7.87,0.04,0.5083,3.0588,9216054,72759356.0,5841297700.0,2383283000.0
606,2009-07-23,sh601002,晋亿实业,7.9,7.93,7.8,7.93,7.91,-0.01,-0.1264,2.4178,7284717,57248257.0,5833913000.0,2380270000.0
607,2009-07-24,sh601002,晋亿实业,7.72,8.0,7.59,7.92,7.9,-0.18,-2.2785,4.0044,12065223,94022996.0,5700988400.0,2326036000.0
608,2009-07-27,sh601002,晋亿实业,7.8,7.83,7.65,7.71,7.72,0.08,1.0363,3.1235,9411131,72910839.0,5760066000.0,2350140000.0
609,2009-07-28,sh601002,晋亿实业,7.95,7.97,7.66,7.79,7.8,0.15,1.9231,4.3006,12957583,101535140.0,5870836500.0,2395335000.0
610,2009-07-29,sh601002,晋亿实业,7.39,8.07,7.16,7.94,7.95,-0.56,-7.044,4.5419,13684822,106312573.0,5457293300.0,2226607000.0
611,2009-07-30,sh601002,晋亿实业,7.29,7.54,7.07,7.37,7.39,-0.1,-1.3532,2.9465,8877838,64669411.0,5383446300.0,2196477000.0
612,2009-07-31,sh601002,晋亿实业,7.49,7.54,7.23,7.32,7.29,0.2,2.7435,3.0532,9199381,67968963.0,5531140300.0,2256737000.0
613,2009-08-03,sh601002,晋亿实业,7.59,7.59,7.43,7.49,7.49,0.1,1.3351,2.5353,7638979,57467408.0,5604987300.0,2286867000.0
614,2009-08-04,sh601002,晋亿实业,7.82,7.89,7.34,7.6,7.59,0.23,3.0303,3.673,11066694,83515413.0,5774835400.0,2356166000.0
615,2009-08-05,sh601002,晋亿实业,8.18,8.3,7.65,7.74,7.82,0.36,4.6036,11.6857,35209146,284097456.0,6040684600.0,2464634000.0
616,2009-08-06,sh601002,晋亿实业,7.89,8.04,7.71,8.0,8.18,-0.29,-3.5452,4.7898,14431571,113932882.0,5826528300.0,2377257000.0
617,2009-08-07,sh601002,晋亿实业,7.52,7.95,7.5,7.85,7.89,-0.37,-4.6895,3.4797,10484340,80693674.0,5553294400.0,2265776000.0
618,2009-08-10,sh601002,晋亿实业,7.56,7.66,7.4,7.55,7.52,0.04,0.5319,1.8905,5696220,42865853.0,5582833200.0,2277828000.0
619,2009-08-11,sh601002,晋亿实业,7.6,7.66,7.52,7.57,7.56,0.04,0.5291,1.2814,3860998,29333544.0,5612372000.0,2289880000.0
620,2009-08-12,sh601002,晋亿实业,7.14,7.6,7.09,7.56,7.6,-0.46,-6.0526,1.8935,5705181,41806431.0,5272675800.0,2151282000.0
621,2009-08-13,sh601002,晋亿实业,7.17,7.25,7.0,7.18,7.14,0.03,0.4202,1.2939,3898441,27822707.0,5294829900.0,2160321000.0
622,2009-08-14,sh601002,晋亿实业,6.59,7.19,6.58,7.15,7.17,-0.58,-8.0893,2.6089,7860579,53721973.0,4866517300.0,1985567000.0
623,2009-08-17,sh601002,晋亿实业,6.02,6.57,6.01,6.57,6.59,-0.57,-8.6495,2.3448,7064964,44507589.0,4445589400.0,1813826000.0
624,2009-08-18,sh601002,晋亿实业,6.16,6.19,5.98,6.01,6.02,0.14,2.3256,1.2252,3691608,22549809.0,4548975200.0,1856008000.0
625,2009-08-19,sh601002,晋亿实业,5.72,6.18,5.66,6.17,6.16,-0.44,-7.1429,1.7252,5198175,30755912.0,4224048400.0,1723436000.0
626,2009-08-20,sh601002,晋亿实业,5.92,5.95,5.71,5.76,5.72,0.2,3.4965,1.3681,4122082,24097484.0,4371742400.0,1783696000.0
627,2009-08-21,sh601002,晋亿实业,6.18,6.21,5.99,6.0,5.92,0.26,4.3919,2.6925,8112650,49789959.0,4563744600.0,1862034000.0
628,2009-08-24,sh601002,晋亿实业,6.23,6.25,6.04,6.1,6.18,0.05,0.8091,2.2033,6638429,40762393.0,4600668100.0,1877099000.0
629,2009-08-25,sh601002,晋亿实业,6.0,6.19,5.82,6.19,6.23,-0.23,-3.6918,1.8468,5564279,33304939.0,4430820000.0,1807800000.0
630,2009-08-26,sh601002,晋亿实业,6.17,6.28,5.94,6.0,6.0,0.17,2.8333,1.7645,5316392,32769698.0,4556359900.0,1859021000.0
631,2009-08-27,sh601002,晋亿实业,6.32,6.33,6.13,6.16,6.17,0.15,2.4311,2.2395,6747581,42241963.0,4667130400.0,1904216000.0
632,2009-08-28,sh601002,晋亿实业,6.15,6.4,6.07,6.33,6.32,-0.17,-2.6899,1.4741,4441384,27538840.0,4541590500.0,1852995000.0
633,2009-08-31,sh601002,晋亿实业,5.68,6.1,5.66,6.1,6.15,-0.47,-7.6423,1.3735,4138412,24301044.0,4194509600.0,1711384000.0
634,2009-09-01,sh601002,晋亿实业,5.75,5.83,5.6,5.63,5.68,0.07,1.2324,0.7398,2228909,12816252.0,4246202500.0,1732475000.0
635,2009-09-02,sh601002,晋亿实业,5.73,5.79,5.6,5.71,5.75,-0.02,-0.3478,0.6327,1906206,10911823.0,4231433100.0,1726449000.0
636,2009-09-03,sh601002,晋亿实业,5.97,6.02,5.69,5.73,5.73,0.24,4.1885,1.439,4335806,25467073.0,4408665900.0,1798761000.0
637,2009-09-04,sh601002,晋亿实业,6.0,6.03,5.89,5.91,5.97,0.03,0.5025,1.5007,4521605,27018766.0,4430820000.0,1807800000.0
638,2009-09-07,sh601002,晋亿实业,6.02,6.09,5.96,6.02,6.0,0.02,0.3333,1.4098,4247738,25614411.0,4445589400.0,1813826000.0
639,2009-09-08,sh601002,晋亿实业,6.08,6.08,5.91,6.0,6.02,0.06,0.9967,1.4971,4510823,27095549.0,4489897600.0,1831904000.0
640,2009-09-09,sh601002,晋亿实业,6.11,6.12,5.96,6.09,6.08,0.03,0.4934,1.6602,5002278,30183791.0,4512051700.0,1840943000.0
641,2009-09-10,sh601002,晋亿实业,6.72,6.72,6.19,6.19,6.11,0.61,9.9836,10.3794,31273186,206121979.0,4962518400.0,2024736000.0
642,2009-09-11,sh601002,晋亿实业,6.79,7.0,6.53,6.62,6.72,0.07,1.0417,9.3167,28071072,190907211.0,5014211300.0,2045827000.0
643,2009-09-14,sh601002,晋亿实业,6.92,7.05,6.62,6.72,6.79,0.13,1.9146,5.3497,16118749,110164398.0,5110212400.0,2084996000.0
644,2009-09-15,sh601002,晋亿实业,6.82,6.98,6.68,6.9,6.92,-0.1,-1.4451,3.5859,10804259,73446098.0,5036365400.0,2054866000.0
645,2009-09-16,sh601002,晋亿实业,6.72,6.84,6.57,6.72,6.82,-0.1,-1.4663,3.0859,9297788,62331293.0,4962518400.0,2024736000.0
646,2009-09-17,sh601002,晋亿实业,6.8,6.94,6.71,6.72,6.72,0.08,1.1905,2.9078,8761166,59648502.0,5021596000.0,2048840000.0
647,2009-09-18,sh601002,晋亿实业,6.52,6.88,6.5,6.8,6.8,-0.28,-4.1176,2.4195,7289916,49114114.0,4814824400.0,1964476000.0
648,2009-09-21,sh601002,晋亿实业,6.66,6.67,6.4,6.4,6.52,0.14,2.1472,1.6835,5072528,33175378.0,4918210200.0,2006658000.0
649,2009-09-22,sh601002,晋亿实业,6.46,6.75,6.45,6.72,6.66,-0.2,-3.003,1.3624,4105060,27222142.0,4770516200.0,1946398000.0
650,2009-09-23,sh601002,晋亿实业,6.25,6.6,6.22,6.5,6.46,-0.21,-3.2508,1.3893,4185906,26615161.0,4615437500.0,1883125000.0
651,2009-09-24,sh601002,晋亿实业,6.19,6.32,6.03,6.24,6.25,-0.06,-0.96,1.1142,3357088,20718684.0,4571129300.0,1865047000.0
652,2009-09-25,sh601002,晋亿实业,6.17,6.28,6.1,6.15,6.19,-0.02,-0.3231,0.6637,1999629,12395904.0,4556359900.0,1859021000.0
653,2009-09-28,sh601002,晋亿实业,5.91,6.25,5.85,6.24,6.17,-0.26,-4.2139,0.7833,2360200,14379847.0,4364357700.0,1780683000.0
654,2009-09-29,sh601002,晋亿实业,5.77,5.95,5.6,5.9,5.91,-0.14,-2.3689,0.8643,2604245,14943817.0,4260971900.0,1738501000.0
655,2009-09-30,sh601002,晋亿实业,5.86,5.92,5.77,5.77,5.77,0.09,1.5598,0.95,2862378,16724161.0,4327434200.0,1765618000.0
656,2009-10-09,sh601002,晋亿实业,6.09,6.11,5.87,5.87,5.86,0.23,3.9249,0.9753,2938619,17754850.0,4497282300.0,1834917000.0
657,2009-10-12,sh601002,晋亿实业,6.05,6.17,6.02,6.02,6.09,-0.04,-0.6568,0.8482,2555693,15580477.0,4467743500.0,1822865000.0
658,2009-10-13,sh601002,晋亿实业,6.16,6.18,6.03,6.05,6.05,0.11,1.8182,1.0242,3085890,18874451.0,4548975200.0,1856008000.0
659,2009-10-14,sh601002,晋亿实业,6.22,6.3,6.13,6.18,6.16,0.06,0.974,1.5085,4544968,28320112.0,4593283400.0,1874086000.0
660,2009-10-15,sh601002,晋亿实业,0.0,0.0,0.0,0.0,6.22,,,0.0,0,0.0,4593283400.0,1874086000.0
661,2009-10-16,sh601002,晋亿实业,6.3,6.3,6.15,6.15,6.22,0.08,1.2862,1.7643,5315983,33111671.0,4652361000.0,1898190000.0
662,2009-10-19,sh601002,晋亿实业,6.36,6.39,6.15,6.28,6.3,0.06,0.9524,1.7815,5367664,33773113.0,4696669200.0,1916268000.0
663,2009-10-20,sh601002,晋亿实业,6.37,6.41,6.3,6.41,6.36,0.01,0.1572,2.4829,7480863,47438540.0,4704053900.0,1919281000.0
664,2009-10-21,sh601002,晋亿实业,6.26,6.37,6.25,6.37,6.37,-0.11,-1.7268,1.7649,5317509,33525371.0,4622822200.0,1886138000.0
665,2009-10-22,sh601002,晋亿实业,6.31,6.32,6.2,6.25,6.26,0.05,0.7987,1.2382,3730632,23431365.0,4659745700.0,1901203000.0
666,2009-10-23,sh601002,晋亿实业,6.41,6.49,6.31,6.35,6.31,0.1,1.5848,2.7517,8290893,53247167.0,4733592700.0,1931333000.0
667,2009-10-26,sh601002,晋亿实业,6.32,6.43,6.27,6.41,6.41,-0.09,-1.4041,1.2902,3887385,24599100.0,4667130400.0,1904216000.0
668,2009-10-27,sh601002,晋亿实业,6.04,6.29,6.02,6.28,6.32,-0.28,-4.4304,2.0973,6319105,38622020.0,4460358800.0,1819852000.0
669,2009-10-28,sh601002,晋亿实业,6.06,6.07,5.94,6.01,6.04,0.02,0.3311,1.4977,4512434,27130115.0,4475128200.0,1825878000.0
670,2009-10-29,sh601002,晋亿实业,5.87,5.97,5.86,5.97,6.06,-0.19,-3.1353,1.4871,4480514,26429276.0,4334818900.0,1768631000.0
671,2009-10-30,sh601002,晋亿实业,5.93,6.02,5.88,5.94,5.87,0.06,1.0221,1.2379,3729915,22235821.0,4379127100.0,1786709000.0
672,2009-11-02,sh601002,晋亿实业,6.1,6.12,5.82,5.87,5.93,0.17,2.8668,1.6244,4894392,29440088.0,4504667000.0,1837930000.0
673,2009-11-03,sh601002,晋亿实业,6.31,6.34,6.06,6.12,6.1,0.21,3.4426,2.2212,6692606,41727143.0,4659745700.0,1901203000.0
674,2009-11-04,sh601002,晋亿实业,6.33,6.38,6.25,6.31,6.31,0.02,0.317,2.0826,6274752,39677026.0,4674515100.0,1907229000.0
675,2009-11-05,sh601002,晋亿实业,6.45,6.59,6.29,6.33,6.33,0.12,1.8957,3.7493,11296542,73419938.0,4763131500.0,1943385000.0
676,2009-11-06,sh601002,晋亿实业,6.51,6.64,6.42,6.47,6.45,0.06,0.9302,3.2345,9745606,63818154.0,4807439700.0,1961463000.0
677,2009-11-09,sh601002,晋亿实业,6.61,6.63,6.37,6.58,6.51,0.1,1.5361,3.0454,9175692,59605770.0,4881286700.0,1991593000.0
678,2009-11-10,sh601002,晋亿实业,6.85,7.1,6.8,6.95,6.61,0.24,3.6309,8.9672,27018197,186570742.0,5058519500.0,2063905000.0
679,2009-11-11,sh601002,晋亿实业,6.88,6.91,6.65,6.81,6.85,0.03,0.438,4.1255,12430106,84390736.0,5080673600.0,2072944000.0
680,2009-11-12,sh601002,晋亿实业,7.03,7.15,6.83,6.85,6.88,0.15,2.1802,5.8236,17546360,123541617.0,5191444100.0,2118139000.0
681,2009-11-13,sh601002,晋亿实业,7.01,7.06,6.75,7.02,7.03,-0.02,-0.2845,3.5462,10684582,73989744.0,5176674700.0,2112113000.0
682,2009-11-16,sh601002,晋亿实业,7.08,7.1,6.99,7.01,7.01,0.07,0.9986,3.2337,9743155,68717143.0,5228367600.0,2133204000.0
683,2009-11-17,sh601002,晋亿实业,6.98,7.13,6.91,7.08,7.08,-0.1,-1.4124,2.8025,8443969,58993773.0,5154520600.0,2103074000.0
684,2009-11-18,sh601002,晋亿实业,7.04,7.13,6.95,6.97,6.98,0.06,0.8596,2.5067,7552780,53102691.0,5198828800.0,2121152000.0
685,2009-11-19,sh601002,晋亿实业,7.74,7.74,7.17,7.17,7.04,0.7,9.9432,8.8015,26519001,200689667.0,5715757800.0,2332062000.0
686,2009-11-20,sh601002,晋亿实业,7.6,7.95,7.54,7.95,7.74,-0.14,-1.8088,7.8133,23541513,180737624.0,5612372000.0,2289880000.0
687,2009-11-23,sh601002,晋亿实业,7.63,7.68,7.48,7.63,7.6,0.03,0.3947,4.0553,12218707,92332348.0,5634526100.0,2298919000.0
688,2009-11-24,sh601002,晋亿实业,7.02,7.73,6.91,7.65,7.63,-0.61,-7.9948,6.4596,19462686,144776520.0,5184059400.0,2115126000.0
689,2009-11-25,sh601002,晋亿实业,7.26,7.31,6.98,7.01,7.02,0.24,3.4188,3.2589,9818988,69943789.0,5361292200.0,2187438000.0
690,2009-11-26,sh601002,晋亿实业,6.86,7.35,6.81,7.29,7.26,-0.4,-5.5096,4.0456,12189294,86174985.0,5065904200.0,2066918000.0
691,2009-11-27,sh601002,晋亿实业,6.76,7.0,6.68,6.8,6.86,-0.1,-1.4577,2.7184,8190408,55700341.0,4992057200.0,2036788000.0
692,2009-11-30,sh601002,晋亿实业,7.1,7.18,6.76,6.76,6.76,0.34,5.0296,2.7468,8276247,57997472.0,5243137000.0,2139230000.0
693,2009-12-01,sh601002,晋亿实业,7.21,7.24,7.0,7.05,7.1,0.11,1.5493,2.968,8942459,63738071.0,5324368700.0,2172373000.0
694,2009-12-02,sh601002,晋亿实业,7.27,7.34,7.17,7.25,7.21,0.06,0.8322,2.8406,8558687,62187899.0,5368676900.0,2190451000.0
695,2009-12-03,sh601002,晋亿实业,7.42,7.49,7.15,7.27,7.27,0.15,2.0633,4.233,12754171,93713492.0,5479447400.0,2235646000.0
696,2009-12-04,sh601002,晋亿实业,7.16,7.4,6.97,7.34,7.42,-0.26,-3.504,3.6198,10906463,78496070.0,5287445200.0,2157308000.0
697,2009-12-07,sh601002,晋亿实业,7.31,7.35,7.16,7.24,7.16,0.15,2.095,1.9472,5866931,42595977.0,5398215700.0,2202503000.0
698,2009-12-08,sh601002,晋亿实业,7.2,7.31,7.13,7.31,7.31,-0.11,-1.5048,1.4963,4508213,32484479.0,5316984000.0,2169360000.0
699,2009-12-09,sh601002,晋亿实业,6.99,7.15,6.95,7.11,7.2,-0.21,-2.9167,1.7068,5142679,36260128.0,5161905300.0,2106087000.0
700,2009-12-10,sh601002,晋亿实业,7.07,7.08,6.99,7.01,6.99,0.08,1.1445,1.0536,3174380,22333097.0,5220982900.0,2130191000.0
701,2009-12-11,sh601002,晋亿实业,7.16,7.22,7.05,7.08,7.07,0.09,1.273,1.5948,4805227,34323545.0,5287445200.0,2157308000.0
702,2009-12-14,sh601002,晋亿实业,7.34,7.37,7.14,7.25,7.16,0.18,2.514,3.4823,10492278,76203952.0,5420369800.0,2211542000.0
703,2009-12-15,sh601002,晋亿实业,7.4,7.69,7.38,7.39,7.34,0.06,0.8174,6.0598,18258169,137540371.0,5464678000.0,2229620000.0
704,2009-12-16,sh601002,晋亿实业,7.22,7.37,7.16,7.36,7.4,-0.18,-2.4324,2.7505,8287217,60231409.0,5331753400.0,2175386000.0
705,2009-12-17,sh601002,晋亿实业,6.93,7.24,6.9,7.2,7.22,-0.29,-4.0166,2.5134,7572960,53335010.0,5117597100.0,2088009000.0
706,2009-12-18,sh601002,晋亿实业,6.87,7.09,6.8,6.88,6.93,-0.06,-0.8658,1.7819,5368895,37345678.0,5073288900.0,2069931000.0
707,2009-12-21,sh601002,晋亿实业,7.31,7.32,6.91,6.95,6.87,0.44,6.4047,3.6948,11132544,79458175.0,5398215700.0,2202503000.0
708,2009-12-22,sh601002,晋亿实业,7.31,7.42,7.13,7.31,7.31,0.0,0.0,5.8053,17491313,128163295.0,5398215700.0,2202503000.0
709,2009-12-23,sh601002,晋亿实业,7.67,8.0,7.35,7.39,7.31,0.36,4.9248,10.3529,31193355,240722666.0,5664064900.0,2310971000.0
710,2009-12-24,sh601002,晋亿实业,7.79,7.89,7.42,7.54,7.67,0.12,1.5645,8.1425,24533363,188685947.0,5752681300.0,2347127000.0
711,2009-12-25,sh601002,晋亿实业,7.66,7.84,7.62,7.71,7.79,-0.13,-1.6688,4.1154,12399837,95593373.0,5656680200.0,2307958000.0
712,2009-12-28,sh601002,晋亿实业,7.89,7.96,7.58,7.71,7.66,0.23,3.0026,7.3216,22059955,170963785.0,5826528300.0,2377257000.0
713,2009-12-29,sh601002,晋亿实业,7.7,7.93,7.58,7.81,7.89,-0.19,-2.4081,4.7378,14274869,110694694.0,5686219000.0,2320010000.0
714,2009-12-30,sh601002,晋亿实业,7.63,7.77,7.48,7.68,7.7,-0.07,-0.9091,3.7151,11193629,85128323.0,5634526100.0,2298919000.0
715,2009-12-31,sh601002,晋亿实业,7.93,8.03,7.6,7.64,7.63,0.3,3.9318,6.5315,19679446,155202162.0,5856067100.0,2389309000.0
716,2010-01-04,sh601002,晋亿实业,7.95,8.25,7.82,7.92,7.93,0.02,0.2522,6.8369,20599654,166003327.0,5870836500.0,2395335000.0
717,2010-01-05,sh601002,晋亿实业,8.09,8.15,7.83,7.88,7.95,0.14,1.761,4.7853,14417970,115729530.0,5974222300.0,2437517000.0
718,2010-01-06,sh601002,晋亿实业,7.9,8.13,7.89,8.01,8.09,-0.19,-2.3486,3.3409,10066040,80406189.0,5833913000.0,2380270000.0
719,2010-01-07,sh601002,晋亿实业,7.62,7.94,7.5,7.9,7.9,-0.28,-3.5443,4.2853,12911504,98660625.0,5627141400.0,2295906000.0
720,2010-01-08,sh601002,晋亿实业,7.72,7.76,7.5,7.56,7.62,0.1,1.3123,2.4187,7287411,55524393.0,5700988400.0,2326036000.0
721,2010-01-11,sh601002,晋亿实业,7.64,7.79,7.57,7.78,7.72,-0.08,-1.0363,2.4807,7474405,57121011.0,5641910800.0,2301932000.0
722,2010-01-12,sh601002,晋亿实业,7.81,7.84,7.5,7.5,7.64,0.17,2.2251,2.7884,8401523,64854940.0,5767450700.0,2353153000.0
723,2010-01-13,sh601002,晋亿实业,7.62,7.86,7.55,7.64,7.81,-0.19,-2.4328,2.5258,7610352,58586974.0,5627141400.0,2295906000.0
724,2010-01-14,sh601002,晋亿实业,7.94,7.96,7.61,7.65,7.62,0.32,4.1995,3.6449,10982156,86073946.0,5863451800.0,2392322000.0
725,2010-01-15,sh601002,晋亿实业,7.92,8.04,7.84,7.99,7.94,-0.02,-0.2519,2.3882,7195734,56987097.0,5848682400.0,2386296000.0
726,2010-01-18,sh601002,晋亿实业,8.01,8.04,7.88,7.93,7.92,0.09,1.1364,3.1957,9628600,76730486.0,5915144700.0,2413413000.0
727,2010-01-19,sh601002,晋亿实业,7.87,8.05,7.8,8.03,8.01,-0.14,-1.7478,3.025,9114309,71724856.0,5811758900.0,2371231000.0
728,2010-01-20,sh601002,晋亿实业,7.91,8.19,7.7,7.9,7.87,0.04,0.5083,6.9782,21025254,168455959.0,5841297700.0,2383283000.0
729,2010-01-21,sh601002,晋亿实业,7.72,7.89,7.55,7.89,7.91,-0.19,-2.402,3.4896,10514116,80763528.0,5700988400.0,2326036000.0
730,2010-01-22,sh601002,晋亿实业,7.46,7.67,7.31,7.59,7.72,-0.26,-3.3679,2.3788,7167461,53647115.0,5508986200.0,2247698000.0
731,2010-01-25,sh601002,晋亿实业,7.38,7.55,7.32,7.46,7.46,-0.08,-1.0724,1.1407,3436927,25581127.0,5449908600.0,2223594000.0
732,2010-01-26,sh601002,晋亿实业,7.16,7.46,7.05,7.38,7.38,-0.22,-2.981,0.6563,4846919,34871621.0,5287445200.0,5287445200.0
733,2010-01-27,sh601002,晋亿实业,6.92,7.17,6.85,7.06,7.16,-0.24,-3.352,0.6445,4759471,33267800.0,5110212400.0,5110212400.0
734,2010-01-28,sh601002,晋亿实业,7.02,7.06,6.9,6.9,6.92,0.1,1.4451,0.4001,2954266,20601515.0,5184059400.0,5184059400.0
735,2010-01-29,sh601002,晋亿实业,7.29,7.45,6.91,7.03,7.02,0.27,3.8462,0.7767,5736027,40907547.0,5383446300.0,5383446300.0
736,2010-02-01,sh601002,晋亿实业,7.33,7.38,7.1,7.29,7.29,0.04,0.5487,0.8681,6411010,46534145.0,5412985100.0,5412985100.0
737,2010-02-02,sh601002,晋亿实业,7.58,7.6,7.25,7.33,7.33,0.25,3.4106,1.2252,9047677,67484497.0,5597602600.0,5597602600.0
738,2010-02-03,sh601002,晋亿实业,7.71,7.76,7.41,7.51,7.58,0.13,1.715,1.262,9319782,71050125.0,5693603700.0,5693603700.0
739,2010-02-04,sh601002,晋亿实业,7.76,7.78,7.57,7.62,7.71,0.05,0.6485,1.0726,7921109,61007372.0,5730527200.0,5730527200.0
740,2010-02-05,sh601002,晋亿实业,7.7,7.92,7.51,7.6,7.76,-0.06,-0.7732,1.3066,9648998,74695731.0,5686219000.0,5686219000.0
741,2010-02-08,sh601002,晋亿实业,7.78,7.81,7.53,7.67,7.7,0.08,1.039,0.8883,6559736,50591277.0,5745296600.0,5745296600.0
742,2010-02-09,sh601002,晋亿实业,7.69,7.97,7.6,7.76,7.78,-0.09,-1.1568,1.0657,7870220,61582120.0,5678834300.0,5678834300.0
743,2010-02-10,sh601002,晋亿实业,7.8,7.86,7.66,7.73,7.69,0.11,1.4304,0.6354,4692230,36410028.0,5760066000.0,5760066000.0
744,2010-02-11,sh601002,晋亿实业,7.79,8.04,7.73,7.94,7.8,-0.01,-0.1282,1.1386,8407880,66540277.0,5752681300.0,5752681300.0
745,2010-02-12,sh601002,晋亿实业,7.64,7.92,7.6,7.82,7.79,-0.15,-1.9255,0.76,5612458,43087423.0,5641910800.0,5641910800.0
746,2010-02-22,sh601002,晋亿实业,7.59,7.65,7.5,7.65,7.64,-0.05,-0.6545,0.5028,3713210,28133282.0,5604987300.0,5604987300.0
747,2010-02-23,sh601002,晋亿实业,7.77,7.79,7.51,7.57,7.59,0.18,2.3715,0.7114,5253798,40233112.0,5737911900.0,5737911900.0
748,2010-02-24,sh601002,晋亿实业,7.85,7.97,7.68,7.71,7.77,0.08,1.0296,1.1375,8399882,65984157.0,5796989500.0,5796989500.0
749,2010-02-25,sh601002,晋亿实业,7.92,7.94,7.78,7.81,7.85,0.07,0.8917,1.9675,14529728,114512774.0,5848682400.0,5848682400.0
750,2010-02-26,sh601002,晋亿实业,7.92,7.97,7.8,7.92,7.92,0.0,0.0,1.5464,11419943,89848896.0,5848682400.0,5848682400.0
751,2010-03-01,sh601002,晋亿实业,7.94,8.01,7.89,8.0,7.92,0.02,0.2525,1.4062,10384445,82412856.0,5863451800.0,5863451800.0
752,2010-03-02,sh601002,晋亿实业,7.88,8.03,7.75,7.99,7.94,-0.06,-0.7557,1.4641,10812066,85423863.0,5819143600.0,5819143600.0
753,2010-03-03,sh601002,晋亿实业,8.17,8.35,7.82,7.85,7.88,0.29,3.6802,2.7239,20115529,164427544.0,6033299900.0,6033299900.0
754,2010-03-04,sh601002,晋亿实业,7.84,8.24,7.75,8.15,8.17,-0.33,-4.0392,1.562,11534766,92315177.0,5789604800.0,5789604800.0
755,2010-03-05,sh601002,晋亿实业,8.28,8.56,7.86,7.97,7.84,0.44,5.6122,3.6372,26859889,221788323.0,6114531600.0,6114531600.0
756,2010-03-08,sh601002,晋亿实业,8.24,8.34,8.09,8.22,8.28,-0.04,-0.4831,1.5359,11342149,93347587.0,6084992800.0,6084992800.0
757,2010-03-09,sh601002,晋亿实业,8.22,8.33,8.15,8.32,8.24,-0.02,-0.2427,1.0973,8102902,66587681.0,6070223400.0,6070223400.0
758,2010-03-10,sh601002,晋亿实业,7.88,8.28,7.77,8.28,8.22,-0.34,-4.1363,1.6649,12294479,97977522.0,5819143600.0,5819143600.0
759,2010-03-11,sh601002,晋亿实业,7.76,7.92,7.58,7.79,7.88,-0.12,-1.5228,1.1643,8598325,66386300.0,5730527200.0,5730527200.0
760,2010-03-12,sh601002,晋亿实业,7.5,7.78,7.48,7.78,7.76,-0.26,-3.3505,0.8944,6604552,50261166.0,5538525000.0,5538525000.0
761,2010-03-15,sh601002,晋亿实业,7.65,7.76,7.46,7.54,7.5,0.15,2.0,0.8816,6510579,49596734.0,5649295500.0,5649295500.0
762,2010-03-16,sh601002,晋亿实业,7.85,7.9,7.65,7.68,7.65,0.2,2.6144,0.8457,6245340,48739651.0,5796989500.0,5796989500.0
763,2010-03-17,sh601002,晋亿实业,7.98,8.03,7.85,7.85,7.85,0.13,1.6561,1.0708,7907294,62848480.0,5892990600.0,5892990600.0
764,2010-03-18,sh601002,晋亿实业,8.02,8.19,8.01,8.08,7.98,0.04,0.5013,1.1994,8857300,71612649.0,5922529400.0,5922529400.0
765,2010-03-19,sh601002,晋亿实业,8.08,8.24,8.03,8.12,8.02,0.06,0.7481,1.1225,8289092,67424285.0,5966837600.0,5966837600.0
766,2010-03-22,sh601002,晋亿实业,8.1,8.24,7.96,8.09,8.08,0.02,0.2475,1.0439,7708949,62348403.0,5981607000.0,5981607000.0
767,2010-03-23,sh601002,晋亿实业,7.99,8.13,7.89,8.13,8.1,-0.11,-1.358,0.9068,6696648,53415115.0,5900375300.0,5900375300.0
768,2010-03-24,sh601002,晋亿实业,7.99,8.1,7.95,8.0,7.99,0.0,0.0,0.6365,4700545,37681207.0,5900375300.0,5900375300.0
769,2010-03-25,sh601002,晋亿实业,7.75,7.99,7.7,7.99,7.99,-0.24,-3.0038,0.7934,5859070,45695079.0,5723142500.0,5723142500.0
770,2010-03-26,sh601002,晋亿实业,7.86,7.9,7.69,7.69,7.75,0.11,1.4194,0.4693,3465715,27167607.0,5804374200.0,5804374200.0
771,2010-03-29,sh601002,晋亿实业,8.02,8.03,7.82,7.86,7.86,0.16,2.0356,0.7659,5655743,44899792.0,5922529400.0,5922529400.0
772,2010-03-30,sh601002,晋亿实业,8.02,8.06,7.94,8.01,8.02,0.0,0.0,0.6926,5115007,40876436.0,5922529400.0,5922529400.0
773,2010-03-31,sh601002,晋亿实业,7.97,8.05,7.9,8.03,8.02,-0.05,-0.6234,0.6822,5037656,40171693.0,5885605900.0,5885605900.0
774,2010-04-01,sh601002,晋亿实业,8.1,8.11,7.93,7.96,7.97,0.13,1.6311,1.1135,8222774,66249666.0,5981607000.0,5981607000.0
775,2010-04-02,sh601002,晋亿实业,8.13,8.14,8.01,8.11,8.1,0.03,0.3704,1.1419,8432841,68144282.0,6003761100.0,6003761100.0
776,2010-04-06,sh601002,晋亿实业,8.17,8.24,8.07,8.15,8.13,0.04,0.492,0.9892,7305144,59487709.0,6033299900.0,6033299900.0
777,2010-04-07,sh601002,晋亿实业,8.27,8.3,8.14,8.19,8.17,0.1,1.224,1.6018,11828891,97078376.0,6107146900.0,6107146900.0
778,2010-04-08,sh601002,晋亿实业,8.32,8.35,8.18,8.23,8.27,0.05,0.6046,1.3911,10272952,84914057.0,6144070400.0,6144070400.0
779,2010-04-09,sh601002,晋亿实业,8.41,8.49,8.26,8.3,8.32,0.09,1.0817,1.9035,14056680,118289283.0,6210532700.0,6210532700.0
780,2010-04-12,sh601002,晋亿实业,8.27,8.46,8.21,8.4,8.41,-0.14,-1.6647,1.5207,11229633,93383322.0,6107146900.0,6107146900.0
781,2010-04-13,sh601002,晋亿实业,8.51,8.58,8.23,8.25,8.27,0.24,2.9021,2.2788,16828499,141790463.0,6284379700.0,6284379700.0
782,2010-04-14,sh601002,晋亿实业,8.7,8.88,8.39,8.49,8.51,0.19,2.2327,2.4473,18072848,156074117.0,6424689000.0,6424689000.0
783,2010-04-15,sh601002,晋亿实业,0.0,0.0,0.0,0.0,8.7,,,0.0,0,0.0,6424689000.0,6424689000.0
784,2010-04-16,sh601002,晋亿实业,8.47,8.72,8.37,8.69,8.7,-0.23,-2.6437,1.3122,9689848,82563120.0,6254840900.0,6254840900.0
785,2010-04-19,sh601002,晋亿实业,7.9,8.38,7.85,8.3,8.47,-0.57,-6.7296,1.3512,9978505,80894181.0,5833913000.0,5833913000.0
786,2010-04-20,sh601002,晋亿实业,7.93,8.02,7.7,7.9,7.9,0.03,0.3797,1.0379,7664554,60272702.0,5856067100.0,5856067100.0
787,2010-04-21,sh601002,晋亿实业,8.09,8.1,7.83,7.94,7.93,0.16,2.0177,1.3541,9999324,79876506.0,5974222300.0,5974222300.0
788,2010-04-22,sh601002,晋亿实业,8.01,8.12,7.84,8.05,8.09,-0.08,-0.9889,1.1296,8341876,66374536.0,5915144700.0,5915144700.0
789,2010-04-23,sh601002,晋亿实业,7.92,8.14,7.91,8.1,8.01,-0.09,-1.1236,0.8693,6419763,51575196.0,5848682400.0,5848682400.0
790,2010-04-26,sh601002,晋亿实业,7.93,8.1,7.88,7.95,7.92,0.01,0.1263,0.6776,5003593,39937499.0,5856067100.0,5856067100.0
791,2010-04-27,sh601002,晋亿实业,7.68,7.99,7.5,7.96,7.93,-0.25,-3.1526,0.9442,6972662,53590093.0,5671449600.0,5671449600.0
792,2010-04-28,sh601002,晋亿实业,7.57,7.74,7.5,7.62,7.68,-0.11,-1.4323,0.5061,3737577,28438604.0,5590217900.0,5590217900.0
793,2010-04-29,sh601002,晋亿实业,7.25,7.7,7.22,7.65,7.57,-0.32,-4.2272,0.7613,5622091,42210255.0,5353907500.0,5353907500.0
794,2010-04-30,sh601002,晋亿实业,7.07,7.3,6.8,7.22,7.25,-0.18,-2.4828,0.8518,6290507,44236603.0,5220982900.0,5220982900.0
795,2010-05-04,sh601002,晋亿实业,7.03,7.11,6.9,6.95,7.07,-0.04,-0.5658,0.4358,3218381,22589091.0,5191444100.0,5191444100.0
796,2010-05-05,sh601002,晋亿实业,7.4,7.41,7.07,7.07,7.03,0.37,5.2632,0.9795,7233425,52616084.0,5464678000.0,5464678000.0
797,2010-05-06,sh601002,晋亿实业,7.06,7.35,7.05,7.3,7.4,-0.34,-4.5946,0.5511,4070005,29431233.0,5213598200.0,5213598200.0
798,2010-05-07,sh601002,晋亿实业,6.93,7.02,6.61,6.8,7.06,-0.13,-1.8414,0.5758,4251885,29340443.0,5117597100.0,5117597100.0
799,2010-05-10,sh601002,晋亿实业,7.03,7.08,6.71,6.95,6.93,0.1,1.443,0.5297,3911467,27224118.0,5191444100.0,5191444100.0
800,2010-05-11,sh601002,晋亿实业,6.87,7.18,6.85,7.15,7.03,-0.16,-2.276,0.5334,3939036,27697501.0,5073288900.0,5073288900.0
801,2010-05-12,sh601002,晋亿实业,6.74,6.98,6.6,6.88,6.87,-0.13,-1.8923,0.4963,3665256,24796908.0,4977287800.0,4977287800.0
802,2010-05-13,sh601002,晋亿实业,6.73,6.83,6.35,6.8,6.74,-0.01,-0.1484,0.6384,4714705,31161599.0,4969903100.0,4969903100.0
803,2010-05-14,sh601002,晋亿实业,6.76,6.85,6.6,6.63,6.73,0.03,0.4458,0.5299,3913410,26237030.0,4992057200.0,4992057200.0
804,2010-05-17,sh601002,晋亿实业,6.11,6.68,6.1,6.66,6.76,-0.65,-9.6154,0.5407,3993100,25625383.0,4512051700.0,4512051700.0
805,2010-05-18,sh601002,晋亿实业,6.16,6.24,5.89,6.11,6.11,0.05,0.8183,0.5166,3814643,23170979.0,4548975200.0,4548975200.0
806,2010-05-19,sh601002,晋亿实业,6.11,6.24,6.05,6.15,6.16,-0.05,-0.8117,0.3625,2677047,16446219.0,4512051700.0,4512051700.0
807,2010-05-20,sh601002,晋亿实业,5.93,6.17,5.93,6.09,6.11,-0.18,-2.946,0.3768,2782802,16797219.0,4379127100.0,4379127100.0
808,2010-05-21,sh601002,晋亿实业,5.99,6.01,5.69,5.8,5.93,0.06,1.0118,0.4981,3678169,21495479.0,4423435300.0,4423435300.0
809,2010-05-24,sh601002,晋亿实业,6.26,6.3,5.99,6.0,5.99,0.27,4.5075,0.6933,5119962,31710140.0,4622822200.0,4622822200.0
810,2010-05-25,sh601002,晋亿实业,6.34,6.37,6.2,6.25,6.26,0.08,1.278,0.791,5841546,36646739.0,4681899800.0,4681899800.0
811,2010-05-26,sh601002,晋亿实业,6.28,6.35,6.16,6.29,6.34,-0.06,-0.9464,0.4139,3056367,19129761.0,4637591600.0,4637591600.0
812,2010-05-27,sh601002,晋亿实业,6.38,6.43,5.9,6.28,6.28,0.1,1.5924,0.5329,3935024,24736952.0,4711438600.0,4711438600.0
813,2010-05-28,sh601002,晋亿实业,6.32,6.45,6.25,6.39,6.38,-0.06,-0.9404,0.4795,3540989,22513868.0,4667130400.0,4667130400.0
814,2010-05-31,sh601002,晋亿实业,6.09,6.33,6.06,6.28,6.32,-0.23,-3.6392,0.3274,2417742,15007206.0,4497282300.0,4497282300.0
815,2010-06-01,sh601002,晋亿实业,5.98,6.13,5.9,6.09,6.09,-0.11,-1.8062,0.3293,2431860,14627843.0,4416050600.0,4416050600.0
816,2010-06-02,sh601002,晋亿实业,6.11,6.11,5.91,5.98,5.98,0.13,2.1739,0.2815,2078684,12513187.0,4512051700.0,4512051700.0
817,2010-06-03,sh601002,晋亿实业,6.08,6.2,6.06,6.11,6.11,-0.03,-0.491,0.3491,2577774,15825407.0,4489897600.0,4489897600.0
818,2010-06-04,sh601002,晋亿实业,6.48,6.55,5.99,6.15,6.08,0.4,6.5789,0.8186,6045037,37840586.0,4785285600.0,4785285600.0
819,2010-06-07,sh601002,XD晋亿实,6.7,6.86,6.26,6.28,6.38,0.32,5.0157,1.9477,14382897,94964559.0,4947749000.0,4947749000.0
820,2010-06-08,sh601002,晋亿实业,6.56,6.63,6.4,6.55,6.7,-0.14,-2.0896,1.0815,7986477,52094952.0,4844363200.0,4844363200.0
821,2010-06-09,sh601002,晋亿实业,6.69,6.73,6.48,6.55,6.56,0.13,1.9817,0.9482,7002264,46169157.0,4940364300.0,4940364300.0
822,2010-06-10,sh601002,晋亿实业,6.51,6.64,6.5,6.63,6.69,-0.18,-2.6906,0.6678,4931612,32435068.0,4807439700.0,4807439700.0
823,2010-06-11,sh601002,晋亿实业,6.68,6.75,6.45,6.64,6.51,0.17,2.6114,0.9604,7092435,47021057.0,4932979600.0,4932979600.0
824,2010-06-17,sh601002,晋亿实业,6.8,7.24,6.78,7.24,6.68,0.12,1.7964,1.6635,12284307,85556090.0,5021596000.0,5021596000.0
825,2010-06-18,sh601002,晋亿实业,6.49,6.79,6.4,6.7,6.8,-0.31,-4.5588,0.6943,5127430,34003295.0,4792670300.0,4792670300.0
826,2010-06-21,sh601002,晋亿实业,6.71,6.72,6.45,6.45,6.49,0.22,3.3898,0.511,3773345,24996176.0,4955133700.0,4955133700.0
827,2010-06-22,sh601002,晋亿实业,6.93,6.96,6.63,6.7,6.71,0.22,3.2787,0.8851,6535860,44907974.0,5117597100.0,5117597100.0
828,2010-06-23,sh601002,晋亿实业,7.01,7.07,6.78,6.85,6.93,0.08,1.1544,0.9,6646129,46142862.0,5176674700.0,5176674700.0
829,2010-06-24,sh601002,晋亿实业,7.53,7.71,6.97,7.01,7.01,0.52,7.418,3.6705,27105899,203274791.0,5560679100.0,5560679100.0
830,2010-06-25,sh601002,晋亿实业,7.43,7.58,7.27,7.52,7.53,-0.1,-1.328,1.7441,12879809,95298715.0,5486832100.0,5486832100.0
831,2010-06-28,sh601002,晋亿实业,7.15,7.43,7.09,7.41,7.43,-0.28,-3.7685,1.1122,8213101,59553800.0,5280060500.0,5280060500.0
832,2010-06-29,sh601002,晋亿实业,7.08,7.56,7.06,7.29,7.15,-0.07,-0.979,2.1569,15928324,116700334.0,5228367600.0,5228367600.0
833,2010-06-30,sh601002,晋亿实业,7.44,7.48,6.9,6.99,7.08,0.36,5.0847,2.1087,15571822,112994345.0,5494216800.0,5494216800.0
834,2010-07-01,sh601002,晋亿实业,7.53,7.63,7.25,7.39,7.44,0.09,1.2097,1.652,12199373,91267728.0,5560679100.0,5560679100.0
835,2010-07-02,sh601002,晋亿实业,7.62,7.76,7.35,7.44,7.53,0.09,1.1952,1.8164,13413546,101798956.0,5627141400.0,5627141400.0
836,2010-07-05,sh601002,晋亿实业,7.74,8.1,7.5,7.56,7.62,0.12,1.5748,2.2769,16814295,131993584.0,5715757800.0,5715757800.0
837,2010-07-06,sh601002,晋亿实业,7.8,7.88,7.42,7.63,7.74,0.06,0.7752,1.7748,13106055,100090465.0,5760066000.0,5760066000.0
838,2010-07-07,sh601002,晋亿实业,7.68,7.75,7.54,7.73,7.8,-0.12,-1.5385,1.0915,8060431,61560382.0,5671449600.0,5671449600.0
839,2010-07-08,sh601002,晋亿实业,7.58,7.7,7.4,7.65,7.68,-0.1,-1.3021,1.3911,10272499,77575609.0,5597602600.0,5597602600.0
840,2010-07-09,sh601002,晋亿实业,7.87,7.94,7.54,7.59,7.58,0.29,3.8259,1.705,12590862,98246390.0,5811758900.0,5811758900.0
841,2010-07-12,sh601002,晋亿实业,7.76,8.13,7.74,7.87,7.87,-0.11,-1.3977,1.6645,12291679,97033941.0,5730527200.0,5730527200.0
842,2010-07-13,sh601002,晋亿实业,7.61,7.67,7.45,7.65,7.76,-0.15,-1.933,0.9496,7012162,53154165.0,5619756700.0,5619756700.0
843,2010-07-14,sh601002,晋亿实业,7.63,7.9,7.58,7.63,7.61,0.02,0.2628,1.0484,7742263,59790236.0,5634526100.0,5634526100.0
844,2010-07-15,sh601002,晋亿实业,7.2,7.65,7.13,7.58,7.63,-0.43,-5.6356,1.2506,9235284,68351542.0,5316984000.0,5316984000.0
845,2010-07-16,sh601002,晋亿实业,7.38,7.44,7.16,7.17,7.2,0.18,2.5,0.7141,5273736,38479329.0,5449908600.0,5449908600.0
846,2010-07-19,sh601002,晋亿实业,7.66,7.7,7.28,7.33,7.38,0.28,3.794,0.8142,6012720,45309570.0,5656680200.0,5656680200.0
847,2010-07-20,sh601002,晋亿实业,7.75,7.77,7.57,7.68,7.66,0.09,1.1749,1.4521,10723336,82431822.0,5723142500.0,5723142500.0
848,2010-07-21,sh601002,晋亿实业,7.69,7.84,7.63,7.74,7.75,-0.06,-0.7742,0.9188,6784796,52459919.0,5678834300.0,5678834300.0
849,2010-07-22,sh601002,晋亿实业,7.87,7.88,7.59,7.61,7.69,0.18,2.3407,1.1461,8463502,65535830.0,5811758900.0,5811758900.0
850,2010-07-23,sh601002,晋亿实业,7.97,8.05,7.72,7.87,7.87,0.1,1.2706,1.5191,11217874,88501727.0,5885605900.0,5885605900.0
851,2010-07-26,sh601002,晋亿实业,8.01,8.15,7.85,8.01,7.97,0.04,0.5019,1.0762,7947288,63484362.0,5915144700.0,5915144700.0
852,2010-07-27,sh601002,晋亿实业,7.9,8.05,7.82,7.93,8.01,-0.11,-1.3733,1.0331,7628793,60494508.0,5833913000.0,5833913000.0
853,2010-07-28,sh601002,晋亿实业,8.02,8.07,7.8,7.8,7.9,0.12,1.519,1.1428,8439473,67337045.0,5922529400.0,5922529400.0
854,2010-07-29,sh601002,晋亿实业,8.01,8.03,7.86,8.03,8.02,-0.01,-0.1247,1.1336,8370947,66445373.0,5915144700.0,5915144700.0
855,2010-07-30,sh601002,晋亿实业,7.95,8.21,7.9,8.01,8.01,-0.06,-0.7491,1.2958,9569199,76817348.0,5870836500.0,5870836500.0
856,2010-08-02,sh601002,晋亿实业,8.0,8.16,7.86,7.91,7.95,0.05,0.6289,1.5958,11784195,94351514.0,5907760000.0,5907760000.0
857,2010-08-03,sh601002,晋亿实业,8.19,8.45,8.01,8.07,8.0,0.19,2.375,2.6622,19659547,162894354.0,6048069300.0,6048069300.0
858,2010-08-04,sh601002,晋亿实业,8.37,8.39,8.11,8.15,8.19,0.18,2.1978,1.3797,10188576,84264083.0,6180993900.0,6180993900.0
859,2010-08-05,sh601002,晋亿实业,8.28,8.48,8.2,8.35,8.37,-0.09,-1.0753,0.9258,6837054,56718160.0,6114531600.0,6114531600.0
860,2010-08-06,sh601002,晋亿实业,8.38,8.39,8.17,8.28,8.28,0.1,1.2077,0.9183,6781010,56310493.0,6188378600.0,6188378600.0
861,2010-08-09,sh601002,晋亿实业,8.33,8.43,8.19,8.4,8.38,-0.05,-0.5967,1.1202,8272300,68479512.0,6151455100.0,6151455100.0
862,2010-08-10,sh601002,晋亿实业,7.91,8.33,7.89,8.3,8.33,-0.42,-5.042,1.1347,8379403,67742714.0,5841297700.0,5841297700.0
863,2010-08-11,sh601002,晋亿实业,8.03,8.05,7.8,7.8,7.91,0.12,1.5171,0.6471,4778275,38115099.0,5929914100.0,5929914100.0
864,2010-08-12,sh601002,晋亿实业,7.92,8.07,7.87,7.97,8.03,-0.11,-1.3699,0.5978,4414383,35199674.0,5848682400.0,5848682400.0
865,2010-08-13,sh601002,晋亿实业,8.01,8.04,7.78,7.92,7.92,0.09,1.1364,0.5218,3853200,30575292.0,5915144700.0,5915144700.0
866,2010-08-16,sh601002,晋亿实业,8.16,8.18,7.95,8.01,8.01,0.15,1.8727,0.5782,4269869,34677429.0,6025915200.0,6025915200.0
867,2010-08-17,sh601002,晋亿实业,8.27,8.31,8.11,8.19,8.16,0.11,1.348,0.7812,5769266,47415597.0,6107146900.0,6107146900.0
868,2010-08-18,sh601002,晋亿实业,8.24,8.35,8.11,8.26,8.27,-0.03,-0.3628,0.6499,4799313,39256876.0,6084992800.0,6084992800.0
869,2010-08-19,sh601002,晋亿实业,8.35,8.5,8.26,8.29,8.24,0.11,1.335,1.2324,9100777,76315369.0,6166224500.0,6166224500.0
870,2010-08-20,sh601002,晋亿实业,8.0,8.3,7.99,8.27,8.35,-0.35,-4.1916,0.9757,7205089,58171983.0,5907760000.0,5907760000.0
871,2010-08-23,sh601002,晋亿实业,8.0,8.09,7.93,8.0,8.0,0.0,0.0,0.5386,3977504,31834640.0,5907760000.0,5907760000.0
872,2010-08-24,sh601002,晋亿实业,8.27,8.36,8.0,8.06,8.0,0.27,3.375,1.2692,9372853,77266296.0,6107146900.0,6107146900.0
873,2010-08-25,sh601002,晋亿实业,8.28,8.49,8.12,8.22,8.27,0.01,0.1209,1.3576,10025195,83334326.0,6114531600.0,6114531600.0
874,2010-08-26,sh601002,晋亿实业,8.32,8.38,8.12,8.3,8.28,0.04,0.4831,0.7475,5519730,45473301.0,6144070400.0,6144070400.0
875,2010-08-27,sh601002,晋亿实业,8.38,8.39,8.13,8.27,8.32,0.06,0.7212,0.8328,6149984,50897779.0,6188378600.0,6188378600.0
876,2010-08-30,sh601002,晋亿实业,8.52,8.64,8.32,8.4,8.38,0.14,1.6706,1.5799,11666990,99148925.0,6291764400.0,6291764400.0
877,2010-08-31,sh601002,晋亿实业,8.47,8.56,8.38,8.48,8.52,-0.05,-0.5869,0.9581,7075436,59883577.0,6254840900.0,6254840900.0
878,2010-09-01,sh601002,晋亿实业,8.61,8.69,8.2,8.46,8.47,0.14,1.6529,1.695,12517406,105707195.0,6358226700.0,6358226700.0
879,2010-09-02,sh601002,晋亿实业,8.69,8.78,8.48,8.57,8.61,0.08,0.9292,2.0491,15131907,130651664.0,6417304300.0,6417304300.0
880,2010-09-03,sh601002,晋亿实业,8.53,8.73,8.39,8.73,8.69,-0.16,-1.8412,1.05,7753764,66190817.0,6299149100.0,6299149100.0
881,2010-09-06,sh601002,晋亿实业,8.46,8.57,8.35,8.55,8.53,-0.07,-0.8206,0.9552,7053501,59547507.0,6247456200.0,6247456200.0
882,2010-09-07,sh601002,晋亿实业,8.55,8.6,8.38,8.53,8.46,0.09,1.0638,0.7265,5364881,45638128.0,6313918500.0,6313918500.0
883,2010-09-08,sh601002,晋亿实业,8.39,8.5,8.32,8.5,8.55,-0.16,-1.8713,0.9475,6997321,58637135.0,6195763300.0,6195763300.0
884,2010-09-09,sh601002,晋亿实业,8.1,8.47,8.07,8.47,8.39,-0.29,-3.4565,1.3606,10047647,82732740.0,5981607000.0,5981607000.0
885,2010-09-10,sh601002,晋亿实业,8.12,8.16,7.97,8.1,8.1,0.02,0.2469,0.9481,7001218,56349290.0,5996376400.0,5996376400.0
886,2010-09-13,sh601002,晋亿实业,8.22,8.23,8.04,8.14,8.12,0.1,1.2315,0.8055,5948207,48548207.0,6070223400.0,6070223400.0
887,2010-09-14,sh601002,晋亿实业,8.21,8.27,8.1,8.22,8.22,-0.01,-0.1217,0.7679,5670844,46382350.0,6062838700.0,6062838700.0
888,2010-09-15,sh601002,晋亿实业,8.06,8.27,8.03,8.15,8.21,-0.15,-1.827,0.6125,4523067,36709468.0,5952068200.0,5952068200.0
889,2010-09-16,sh601002,晋亿实业,7.77,8.13,7.63,8.06,8.06,-0.29,-3.598,0.7742,5717322,44792660.0,5737911900.0,5737911900.0
890,2010-09-17,sh601002,晋亿实业,7.77,7.87,7.72,7.8,7.77,0.0,0.0,0.3614,2668562,20815759.0,5737911900.0,5737911900.0
891,2010-09-20,sh601002,晋亿实业,7.54,7.85,7.51,7.77,7.77,-0.23,-2.9601,0.8321,6144590,47133373.0,5568063800.0,5568063800.0
892,2010-09-21,sh601002,晋亿实业,7.59,7.66,7.5,7.5,7.54,0.05,0.6631,0.3316,2449087,18543749.0,5604987300.0,5604987300.0
893,2010-09-27,sh601002,晋亿实业,7.97,8.01,7.59,7.6,7.59,0.38,5.0066,0.8675,6406522,50254373.0,5885605900.0,5885605900.0
894,2010-09-28,sh601002,晋亿实业,7.89,7.95,7.85,7.95,7.97,-0.08,-1.0038,0.3094,2284836,18044545.0,5826528300.0,5826528300.0
895,2010-09-29,sh601002,晋亿实业,7.88,7.96,7.8,7.88,7.89,-0.01,-0.1267,0.2912,2150577,16984913.0,5819143600.0,5819143600.0
896,2010-09-30,sh601002,晋亿实业,8.28,8.5,8.01,8.01,7.88,0.4,5.0761,1.7391,12842562,106773754.0,6114531600.0,6114531600.0
897,2010-10-08,sh601002,晋亿实业,8.85,9.05,8.34,8.34,8.28,0.57,6.8841,2.9331,21660298,189970126.0,6535459500.0,6535459500.0
898,2010-10-11,sh601002,晋亿实业,9.06,9.1,8.85,9.05,8.85,0.21,2.3729,2.5345,18716520,167768118.0,6690538200.0,6690538200.0
899,2010-10-12,sh601002,晋亿实业,9.0,9.01,8.82,9.01,9.06,-0.06,-0.6623,1.6379,12095517,107962155.0,6646230000.0,6646230000.0
900,2010-10-13,sh601002,晋亿实业,8.9,9.46,8.8,8.96,9.0,-0.1,-1.1111,3.1138,22994804,209192763.0,6572383000.0,6572383000.0
901,2010-10-14,sh601002,晋亿实业,8.61,8.93,8.55,8.88,8.9,-0.29,-3.2584,1.5118,11164468,97461885.0,6358226700.0,6358226700.0
902,2010-10-15,sh601002,晋亿实业,8.91,9.07,8.61,8.61,8.61,0.3,3.4843,1.9181,14164944,126008164.0,6579767700.0,6579767700.0
903,2010-10-18,sh601002,晋亿实业,9.15,9.43,9.0,9.0,8.91,0.24,2.6936,2.4882,18374900,169689919.0,6757000500.0,6757000500.0
904,2010-10-19,sh601002,晋亿实业,9.48,9.68,9.03,9.13,9.15,0.33,3.6066,2.3717,17514124,165512613.0,7000695600.0,7000695600.0
905,2010-10-20,sh601002,晋亿实业,9.25,9.48,9.15,9.26,9.48,-0.23,-2.4262,1.8468,13638082,126871187.0,6830847500.0,6830847500.0
906,2010-10-21,sh601002,晋亿实业,9.66,9.8,9.26,9.3,9.25,0.41,4.4324,2.1629,15972521,152273819.0,7133620200.0,7133620200.0
907,2010-10-22,sh601002,晋亿实业,9.42,9.6,9.38,9.59,9.66,-0.24,-2.4845,1.5749,11629980,110130398.0,6956387400.0,6956387400.0
908,2010-10-25,sh601002,晋亿实业,9.5,9.53,9.19,9.43,9.42,0.08,0.8493,1.7959,13262005,124148192.0,7015465000.0,7015465000.0
909,2010-10-26,sh601002,晋亿实业,9.55,9.75,9.25,9.45,9.5,0.05,0.5263,1.9069,14081514,132993606.0,7052388500.0,7052388500.0
910,2010-10-27,sh601002,晋亿实业,9.16,9.52,9.12,9.5,9.55,-0.39,-4.0838,1.4918,11016358,102493466.0,6764385200.0,6764385200.0
911,2010-10-28,sh601002,晋亿实业,9.1,9.26,9.03,9.18,9.16,-0.06,-0.655,1.0438,7707821,70342748.0,6720077000.0,6720077000.0
912,2010-10-29,sh601002,晋亿实业,9.24,9.35,9.07,9.11,9.1,0.14,1.5385,1.121,8278346,76304643.0,6823462800.0,6823462800.0
913,2010-11-01,sh601002,晋亿实业,9.48,9.48,9.15,9.24,9.24,0.24,2.5974,1.4877,10986526,102467168.0,7000695600.0,7000695600.0
914,2010-11-02,sh601002,晋亿实业,9.19,9.64,9.15,9.58,9.48,-0.29,-3.0591,1.6589,12250665,114543894.0,6786539300.0,6786539300.0
915,2010-11-03,sh601002,晋亿实业,9.79,9.87,9.12,9.22,9.19,0.6,6.5288,2.5466,18805747,178886361.0,7229621300.0,7229621300.0
916,2010-11-04,sh601002,晋亿实业,9.9,10.33,9.65,9.73,9.79,0.11,1.1236,3.3019,24383451,244126692.0,7310853000.0,7310853000.0
917,2010-11-05,sh601002,晋亿实业,10.18,10.28,9.8,9.94,9.9,0.28,2.8283,2.1494,15872758,160490016.0,7517624600.0,7517624600.0
918,2010-11-08,sh601002,晋亿实业,10.51,10.8,10.23,10.23,10.18,0.33,3.2417,2.9033,21439991,225608555.0,7761319700.0,7761319700.0
919,2010-11-09,sh601002,晋亿实业,10.39,10.6,10.18,10.39,10.51,-0.12,-1.1418,1.7121,12643685,130688262.0,7672703300.0,7672703300.0
920,2010-11-10,sh601002,晋亿实业,10.72,10.79,10.41,10.41,10.39,0.33,3.1761,1.9667,14523818,154660145.0,7916398400.0,7916398400.0
921,2010-11-11,sh601002,晋亿实业,10.5,11.14,10.46,10.7,10.72,-0.22,-2.0522,2.272,16778284,183147985.0,7753935000.0,7753935000.0
922,2010-11-12,sh601002,晋亿实业,9.68,10.5,9.66,10.5,10.5,-0.82,-7.8095,2.477,18292247,183688446.0,7148389600.0,7148389600.0
923,2010-11-15,sh601002,晋亿实业,10.17,10.18,9.7,9.75,9.68,0.49,5.062,1.3172,9727240,96814532.0,7510239900.0,7510239900.0
924,2010-11-16,sh601002,晋亿实业,10.09,10.6,9.91,10.17,10.17,-0.08,-0.7866,2.1125,15600448,159572316.0,7451162300.0,7451162300.0
925,2010-11-17,sh601002,晋亿实业,9.89,10.36,9.85,10.0,10.09,-0.2,-1.9822,1.9801,14622469,148320651.0,7303468300.0,7303468300.0
926,2010-11-18,sh601002,晋亿实业,9.94,10.18,9.78,10.02,9.89,0.05,0.5056,1.0451,7718075,77234285.0,7340391800.0,7340391800.0
927,2010-11-19,sh601002,晋亿实业,10.65,10.67,9.93,10.01,9.94,0.71,7.1429,2.1467,15853076,163392945.0,7864705500.0,7864705500.0
928,2010-11-22,sh601002,晋亿实业,0.0,0.0,0.0,0.0,10.65,,,0.0,0,0.0,7864705500.0,7864705500.0
929,2010-11-23,sh601002,晋亿实业,10.37,10.56,9.98,10.56,10.65,-0.28,-2.6291,1.6112,11898511,122130615.0,7657933900.0,7657933900.0
930,2010-11-24,sh601002,晋亿实业,11.01,11.06,10.17,10.2,10.37,0.64,6.1716,2.3289,17198324,184662452.0,8130554700.0,8130554700.0
931,2010-11-25,sh601002,晋亿实业,11.36,11.45,10.9,11.18,11.01,0.35,3.1789,2.6527,19589114,219746824.0,8389019200.0,8389019200.0
932,2010-11-26,sh601002,晋亿实业,11.67,11.7,11.2,11.3,11.36,0.31,2.7289,2.2688,16754142,192200903.0,8617944900.0,8617944900.0
933,2010-11-29,sh601002,晋亿实业,12.16,12.26,11.5,11.73,11.67,0.49,4.1988,2.4679,18225006,217332966.0,8979795200.0,8979795200.0
934,2010-11-30,sh601002,晋亿实业,11.92,12.24,11.23,12.0,12.16,-0.24,-1.9737,2.5114,18545748,218708768.0,8802562400.0,8802562400.0
935,2010-12-01,sh601002,晋亿实业,12.18,12.22,11.54,11.92,11.92,0.26,2.1812,1.8763,13855673,165253454.0,8994564600.0,8994564600.0
936,2010-12-02,sh601002,晋亿实业,11.95,12.36,11.76,12.25,12.18,-0.23,-1.8883,2.0048,14805086,179491952.0,8824716500.0,8824716500.0
937,2010-12-03,sh601002,晋亿实业,12.04,12.3,11.58,11.81,11.95,0.09,0.7531,1.5703,11595887,137978830.0,8891178800.0,8891178800.0
938,2010-12-06,sh601002,晋亿实业,11.94,12.25,11.65,12.16,12.04,-0.1,-0.8306,1.1016,8135133,97160978.0,8817331800.0,8817331800.0
939,2010-12-07,sh601002,晋亿实业,11.77,11.99,11.11,11.75,11.94,-0.17,-1.4238,1.5489,11438248,132966315.0,8691791900.0,8691791900.0
940,2010-12-08,sh601002,晋亿实业,12.68,12.95,11.96,11.96,11.77,0.91,7.7315,3.0936,22845571,289558521.0,9363799600.0,9363799600.0
941,2010-12-09,sh601002,晋亿实业,13.95,13.95,12.53,12.7,12.68,1.27,10.0158,7.4743,55195588,756923836.0,10301656500.0,10301656500.0
942,2010-12-10,sh601002,晋亿实业,13.24,13.64,12.56,13.64,13.95,-0.71,-5.0896,4.8521,35831133,473021172.0,9777342800.0,9777342800.0
943,2010-12-13,sh601002,晋亿实业,14.52,14.56,13.25,13.25,13.24,1.28,9.6677,5.2622,38859981,550890801.0,10722584400.0,10722584400.0
944,2010-12-14,sh601002,晋亿实业,15.09,15.8,14.05,14.28,14.52,0.57,3.9256,6.436,47527712,709291127.0,11143512300.0,11143512300.0
945,2010-12-15,sh601002,晋亿实业,14.81,15.27,14.5,14.85,15.09,-0.28,-1.8555,3.4544,25509890,378014163.0,10936740700.0,10936740700.0
946,2010-12-16,sh601002,晋亿实业,14.74,15.1,14.41,14.7,14.81,-0.07,-0.4727,2.7113,20021995,295199746.0,10885047800.0,10885047800.0
947,2010-12-17,sh601002,晋亿实业,14.86,15.07,14.5,14.8,14.74,0.12,0.8141,1.5378,11355841,168111084.0,10973664200.0,10973664200.0
948,2010-12-20,sh601002,晋亿实业,14.77,15.0,14.0,14.9,14.86,-0.09,-0.6057,2.5455,18797620,273330396.0,10907201900.0,10907201900.0
949,2010-12-21,sh601002,晋亿实业,14.9,14.98,14.4,14.8,14.77,0.13,0.8802,1.8964,14004695,206575668.0,11003203000.0,11003203000.0
950,2010-12-22,sh601002,晋亿实业,15.21,15.4,14.73,14.9,14.9,0.31,2.0805,2.8309,20905669,316768439.0,11232128700.0,11232128700.0
951,2010-12-23,sh601002,晋亿实业,14.24,15.09,14.11,15.01,15.21,-0.97,-6.3774,2.0032,14793151,216186906.0,10515812800.0,10515812800.0
952,2010-12-24,sh601002,晋亿实业,13.72,14.08,13.17,14.01,14.24,-0.52,-3.6517,1.9592,14468400,197227162.0,10131808400.0,10131808400.0
953,2010-12-27,sh601002,晋亿实业,12.93,14.08,12.9,13.71,13.72,-0.79,-5.758,1.435,10597387,143222096.0,9548417100.0,9548417100.0
954,2010-12-28,sh601002,晋亿实业,13.05,13.47,12.4,12.81,12.93,0.12,0.9281,2.2453,16581214,214072032.0,9637033500.0,9637033500.0
955,2010-12-29,sh601002,晋亿实业,13.21,13.44,12.88,12.98,13.05,0.16,1.2261,1.4887,10993387,144640403.0,9755188700.0,9755188700.0
956,2010-12-30,sh601002,晋亿实业,13.25,13.44,13.02,13.2,13.21,0.04,0.3028,1.4168,10462590,138353415.0,9784727500.0,9784727500.0
957,2010-12-31,sh601002,晋亿实业,13.75,13.78,13.18,13.29,13.25,0.5,3.7736,1.4012,10347326,139214477.0,10153962500.0,10153962500.0
958,2011-01-04,sh601002,晋亿实业,14.71,14.87,13.58,14.0,13.75,0.96,6.9818,2.4718,18253797,260460640.0,10862893700.0,10862893700.0
959,2011-01-05,sh601002,晋亿实业,15.43,16.18,14.5,14.73,14.71,0.72,4.8946,4.2492,31379238,488796260.0,11394592100.0,11394592100.0
960,2011-01-06,sh601002,晋亿实业,15.99,16.0,15.31,15.52,15.43,0.56,3.6293,2.9774,21987552,344719141.0,11808135300.0,11808135300.0
961,2011-01-07,sh601002,晋亿实业,16.78,17.39,15.52,15.85,15.99,0.79,4.9406,3.8846,28686612,465481148.0,12391526600.0,12391526600.0
962,2011-01-10,sh601002,晋亿实业,17.98,18.35,16.4,16.5,16.78,1.2,7.1514,6.4793,47847672,841393892.0,13277690600.0,13277690600.0
963,2011-01-11,sh601002,晋亿实业,17.32,18.46,16.91,17.5,17.98,-0.66,-3.6707,4.9962,36895227,648914339.0,12790300400.0,12790300400.0
964,2011-01-12,sh601002,晋亿实业,17.32,17.68,17.09,17.16,17.32,0.0,0.0,3.4376,25385486,441417037.0,12790300400.0,12790300400.0
965,2011-01-13,sh601002,晋亿实业,16.95,17.45,16.31,17.14,17.32,-0.37,-2.1363,3.8883,28714209,485016844.0,12517066500.0,12517066500.0
966,2011-01-14,sh601002,晋亿实业,18.09,18.63,16.31,16.63,16.95,1.14,6.7257,6.3036,46550121,826534859.0,13358922300.0,13358922300.0
967,2011-01-17,sh601002,晋亿实业,17.52,18.38,17.29,17.77,18.09,-0.57,-3.1509,4.6662,34458453,614700792.0,12937994400.0,12937994400.0
968,2011-01-18,sh601002,晋亿实业,16.58,17.25,16.22,17.25,17.52,-0.94,-5.3653,3.565,26326377,439572678.0,12243832600.0,12243832600.0
969,2011-01-19,sh601002,晋亿实业,18.24,18.24,16.4,16.5,16.58,1.66,10.0121,4.4238,32668785,582642376.0,13469692800.0,13469692800.0
970,2011-01-20,sh601002,晋亿实业,18.41,19.41,18.2,19.1,18.24,0.17,0.932,7.003,51715163,971824204.0,13595232700.0,13595232700.0
971,2011-01-21,sh601002,晋亿实业,20.2,20.25,17.9,18.02,18.41,1.79,9.723,9.0623,66922188,1321187212.0,14917094000.0,14917094000.0
972,2011-01-24,sh601002,晋亿实业,20.81,21.57,19.48,20.25,20.2,0.61,3.0198,6.9612,51406575,1057859169.0,15367560700.0,15367560700.0
973,2011-01-25,sh601002,晋亿实业,19.82,20.6,18.75,20.28,20.81,-0.99,-4.7573,5.2211,38556356,763460284.0,14636475400.0,14636475400.0
974,2011-01-26,sh601002,晋亿实业,21.8,21.8,19.1,19.9,19.82,1.98,9.9899,7.2807,53766021,1121199895.0,16098646000.0,16098646000.0
975,2011-01-27,sh601002,晋亿实业,23.98,23.98,21.38,21.48,21.8,2.18,10.0,8.4923,62713211,1457216305.0,17708510600.0,17708510600.0
976,2011-01-28,sh601002,晋亿实业,23.96,25.1,23.51,24.1,23.98,-0.02,-0.0834,7.7693,57374131,1384566493.0,17693741200.0,17693741200.0
977,2011-01-31,sh601002,晋亿实业,26.36,26.36,24.01,24.45,23.96,2.4,10.0167,5.9445,43898495,1134353981.0,19466069200.0,19466069200.0
978,2011-02-01,sh601002,晋亿实业,29.0,29.0,26.11,27.0,26.36,2.64,10.0152,7.8648,58079294,1594196345.0,21415630000.0,21415630000.0
979,2011-02-09,sh601002,晋亿实业,29.55,31.86,27.81,28.67,29.0,0.55,1.8966,8.2027,60574336,1803605446.0,21821788500.0,21821788500.0
980,2011-02-10,sh601002,晋亿实业,27.94,29.55,27.76,29.5,29.55,-1.61,-5.4484,7.4459,54985491,1560721790.0,20632851800.0,20632851800.0
981,2011-02-11,sh601002,晋亿实业,27.65,28.8,27.3,27.68,27.94,-0.29,-1.0379,6.1538,45443840,1276808289.0,20418695500.0,20418695500.0
982,2011-02-14,sh601002,晋亿实业,27.8,28.53,26.54,27.3,27.65,0.15,0.5425,7.7437,57184708,1567578436.0,20529466000.0,20529466000.0
983,2011-02-15,sh601002,晋亿实业,29.0,30.35,27.29,27.45,27.8,1.2,4.3165,9.9936,73799897,2111145208.0,21415630000.0,21415630000.0
984,2011-02-16,sh601002,晋亿实业,27.6,28.48,26.98,28.3,29.0,-1.4,-4.8276,8.5016,62781775,1727869446.0,20381772000.0,20381772000.0
985,2011-02-17,sh601002,晋亿实业,28.14,29.65,26.82,27.4,27.6,0.54,1.9565,9.5031,70177663,1972533804.0,20780545800.0,20780545800.0
986,2011-02-18,sh601002,晋亿实业,28.05,28.88,27.16,27.44,28.14,-0.09,-0.3198,6.3804,47117399,1327526881.0,20714083500.0,20714083500.0
987,2011-02-21,sh601002,晋亿实业,27.57,28.2,26.81,27.65,28.05,-0.48,-1.7112,6.4209,47416469,1300671789.0,20359617900.0,20359617900.0
988,2011-02-22,sh601002,晋亿实业,25.32,27.5,25.05,27.5,27.57,-2.25,-8.161,6.6316,48972640,1278888941.0,18698060400.0,18698060400.0
989,2011-02-23,sh601002,晋亿实业,24.99,25.19,24.0,25.02,25.32,-0.33,-1.3033,6.4473,47611336,1174012212.0,18454365300.0,18454365300.0
990,2011-02-24,sh601002,晋亿实业,26.19,26.67,24.2,24.6,24.99,1.2,4.8019,8.1026,59835367,1538206228.0,19340529300.0,19340529300.0
991,2011-02-25,sh601002,晋亿实业,25.39,26.31,25.0,25.5,26.19,-0.8,-3.0546,4.295,31717176,811832903.0,18749753300.0,18749753300.0
992,2011-02-28,sh601002,晋亿实业,25.71,26.6,25.09,25.29,25.39,0.32,1.2603,3.7409,27625402,716968027.0,18986063700.0,18986063700.0
993,2011-03-01,sh601002,晋亿实业,25.29,25.98,25.0,25.4,25.71,-0.42,-1.6336,3.7804,27917233,708728752.0,18675906300.0,18675906300.0
994,2011-03-02,sh601002,晋亿实业,24.12,25.19,23.84,25.19,25.29,-1.17,-4.6263,5.2209,38554739,936685362.0,17811896400.0,17811896400.0
995,2011-03-03,sh601002,晋亿实业,24.21,24.89,23.95,24.21,24.12,0.09,0.3731,3.8074,28116444,682914488.0,17878358700.0,17878358700.0
996,2011-03-04,sh601002,晋亿实业,24.37,24.45,23.98,24.05,24.21,0.16,0.6609,3.0298,22374201,541865810.0,17996513900.0,17996513900.0
997,2011-03-07,sh601002,晋亿实业,25.08,25.36,24.13,24.6,24.37,0.71,2.9134,5.5599,41058178,1023376789.0,18520827600.0,18520827600.0
998,2011-03-08,sh601002,晋亿实业,24.69,25.0,24.44,24.8,25.08,-0.39,-1.555,3.3074,24423805,602184300.0,18232824300.0,18232824300.0
999,2011-03-09,sh601002,晋亿实业,26.21,26.79,24.52,24.6,24.69,1.52,6.1563,8.2057,60596794,1566743382.0,19355298700.0,19355298700.0
1000,2011-03-10,sh601002,晋亿实业,25.74,26.75,25.67,25.8,26.21,-0.47,-1.7932,4.9986,36913127,964546157.0,19008217800.0,19008217800.0
1001,2011-03-11,sh601002,晋亿实业,24.79,26.0,24.72,25.5,25.74,-0.95,-3.6908,3.6535,26979863,679767811.0,18306671300.0,18306671300.0
1002,2011-03-14,sh601002,晋亿实业,23.65,24.5,23.37,24.2,24.79,-1.14,-4.5986,3.8653,28544201,678524010.0,17464815500.0,17464815500.0
1003,2011-03-15,sh601002,晋亿实业,23.89,24.1,23.14,23.4,23.65,0.24,1.0148,2.7441,20264272,477853270.0,17642048300.0,17642048300.0
1004,2011-03-16,sh601002,晋亿实业,23.97,24.03,23.4,23.78,23.89,0.08,0.3349,2.4535,18118098,430417794.0,17701125900.0,17701125900.0
1005,2011-03-17,sh601002,晋亿实业,24.13,24.69,23.25,23.6,23.97,0.16,0.6675,3.73,27545183,664413857.0,17819281100.0,17819281100.0
1006,2011-03-18,sh601002,晋亿实业,23.76,24.38,23.59,24.18,24.13,-0.37,-1.5334,2.1251,15693377,374581726.0,17546047200.0,17546047200.0
1007,2011-03-21,sh601002,晋亿实业,23.79,24.15,23.4,23.51,23.76,0.03,0.1263,1.9722,14564154,346945126.0,17568201300.0,17568201300.0
1008,2011-03-22,sh601002,晋亿实业,23.98,24.15,23.47,23.98,23.79,0.19,0.7987,2.3316,17218479,410774693.0,17708510600.0,17708510600.0
1009,2011-03-23,sh601002,晋亿实业,24.26,24.42,23.8,23.89,23.98,0.28,1.1676,2.6636,19669730,476451491.0,17915282200.0,17915282200.0
1010,2011-03-24,sh601002,晋亿实业,23.74,24.25,23.73,24.25,24.26,-0.52,-2.1434,2.527,18661279,446880439.0,17531277800.0,17531277800.0
1011,2011-03-25,sh601002,晋亿实业,23.63,23.83,23.31,23.52,23.74,-0.11,-0.4634,2.7784,20517516,482984346.0,17450046100.0,17450046100.0
1012,2011-03-28,sh601002,晋亿实业,24.42,24.78,23.28,23.56,23.63,0.79,3.3432,5.0816,37526433,904880351.0,18033437400.0,18033437400.0
1013,2011-03-29,sh601002,晋亿实业,24.73,25.3,23.7,24.07,24.42,0.31,1.2695,5.4472,40226218,993587179.0,18262363100.0,18262363100.0
1014,2011-03-30,sh601002,晋亿实业,23.73,25.13,23.6,24.51,24.73,-1.0,-4.0437,3.4769,25675606,624602279.0,17523893100.0,17523893100.0
1015,2011-03-31,sh601002,晋亿实业,22.31,23.59,21.96,23.55,23.73,-1.42,-5.984,3.5132,25943871,591153147.0,16475265700.0,16475265700.0
1016,2011-04-01,sh601002,晋亿实业,22.17,22.38,21.83,22.14,22.31,-0.14,-0.6275,2.175,16061391,353265706.0,16371879900.0,16371879900.0
1017,2011-04-06,sh601002,晋亿实业,22.08,22.37,21.61,22.0,22.17,-0.09,-0.406,2.1421,15818733,348732028.0,16305417600.0,16305417600.0
1018,2011-04-07,sh601002,晋亿实业,22.27,22.39,21.94,22.02,22.08,0.19,0.8605,1.9299,14251738,316817575.0,16445726900.0,16445726900.0
1019,2011-04-08,sh601002,晋亿实业,22.38,22.57,21.86,22.13,22.27,0.11,0.4939,2.2823,16853828,373836931.0,16526958600.0,16526958600.0
1020,2011-04-11,sh601002,晋亿实业,22.46,23.08,22.12,22.26,22.38,0.08,0.3575,2.6197,19345755,437407921.0,16586036200.0,16586036200.0
1021,2011-04-12,sh601002,晋亿实业,21.96,22.78,21.86,22.2,22.46,-0.5,-2.2262,2.0873,15414054,343391440.0,16216801200.0,16216801200.0
1022,2011-04-13,sh601002,晋亿实业,22.35,22.52,21.73,21.8,21.96,0.39,1.776,1.825,13477289,299229220.0,16504804500.0,16504804500.0
1023,2011-04-14,sh601002,晋亿实业,22.29,22.55,21.95,22.3,22.35,-0.06,-0.2685,2.1458,15846309,352578239.0,16460496300.0,16460496300.0
1024,2011-04-15,sh601002,晋亿实业,21.4,22.2,21.24,22.2,22.29,-0.89,-3.9928,2.6961,19910171,430934204.0,15803258000.0,15803258000.0
1025,2011-04-18,sh601002,晋亿实业,0.0,0.0,0.0,0.0,21.4,,,0.0,0,0.0,15803258000.0,15803258000.0
1026,2011-04-19,sh601002,晋亿实业,20.05,20.99,20.02,20.9,21.4,-1.35,-6.3084,2.743,20256049,413782736.0,14806323500.0,14806323500.0
1027,2011-04-20,sh601002,晋亿实业,20.23,20.67,20.03,20.06,20.05,0.18,0.8978,1.6389,12102919,246396510.0,14939248100.0,14939248100.0
1028,2011-04-21,sh601002,晋亿实业,20.53,21.08,20.12,20.4,20.23,0.3,1.4829,2.3156,17099772,353485893.0,15160789100.0,15160789100.0
1029,2011-04-22,sh601002,晋亿实业,20.07,20.55,20.03,20.3,20.53,-0.46,-2.2406,1.5775,11649504,235762532.0,14821092900.0,14821092900.0
1030,2011-04-25,sh601002,晋亿实业,20.56,21.98,20.03,20.09,20.07,0.49,2.4415,3.6695,27098411,566332583.0,15182943200.0,15182943200.0
1031,2011-04-26,sh601002,晋亿实业,19.19,20.2,19.11,20.05,20.56,-1.37,-6.6634,2.6374,19476395,383783765.0,14171239300.0,14171239300.0
1032,2011-04-27,sh601002,晋亿实业,19.64,19.88,18.9,19.39,19.19,0.45,2.345,2.4295,17941225,348390803.0,14503550800.0,14503550800.0
1033,2011-04-28,sh601002,晋亿实业,19.3,19.87,19.02,19.45,19.64,-0.34,-1.7312,3.0234,22326885,436051767.0,14252471000.0,14252471000.0
1034,2011-04-29,sh601002,晋亿实业,19.27,19.6,18.62,19.35,19.3,-0.03,-0.1554,2.479,18306474,350899025.0,14230316900.0,14230316900.0
1035,2011-05-03,sh601002,晋亿实业,19.46,19.53,18.65,19.0,19.27,0.19,0.986,2.9365,21684951,412806183.0,14370626200.0,14370626200.0
1036,2011-05-04,sh601002,晋亿实业,19.46,20.09,18.9,19.21,19.46,0.0,0.0,4.8683,35951263,706395950.0,14370626200.0,14370626200.0
1037,2011-05-05,sh601002,晋亿实业,18.68,19.26,18.66,18.9,19.46,-0.78,-4.0082,3.2311,23860772,450765378.0,13794619600.0,13794619600.0
1038,2011-05-06,sh601002,晋亿实业,18.83,19.15,18.22,18.35,18.68,0.15,0.803,2.8305,20902355,393213940.0,13905390100.0,13905390100.0
1039,2011-05-09,sh601002,晋亿实业,19.73,20.5,19.12,19.12,18.83,0.9,4.7796,5.802,42846191,852905351.0,14570013100.0,14570013100.0
1040,2011-05-10,sh601002,晋亿实业,19.4,19.6,19.13,19.5,19.73,-0.33,-1.6726,3.206,23675072,457441394.0,14326318000.0,14326318000.0
1041,2011-05-11,sh601002,晋亿实业,18.8,19.58,18.76,19.38,19.4,-0.6,-3.0928,3.0038,22182117,422729413.0,13883236000.0,13883236000.0
1042,2011-05-12,sh601002,晋亿实业,18.02,18.64,18.0,18.45,18.8,-0.78,-4.1489,2.3984,17711368,325565780.0,13307229400.0,13307229400.0
1043,2011-05-13,sh601002,晋亿实业,18.11,18.26,17.62,18.11,18.02,0.09,0.4994,1.8197,13437720,241468969.0,13373691700.0,13373691700.0
1044,2011-05-16,sh601002,晋亿实业,17.88,18.29,17.83,18.14,18.11,-0.23,-1.27,1.4269,10536952,190191950.0,13203843600.0,13203843600.0
1045,2011-05-17,sh601002,晋亿实业,18.3,18.68,17.63,17.77,17.88,0.42,2.349,2.8947,21376119,391356809.0,13514001000.0,13514001000.0
1046,2011-05-18,sh601002,晋亿实业,18.19,18.45,18.0,18.08,18.3,-0.11,-0.6011,1.7275,12757393,232460215.0,13432769300.0,13432769300.0
1047,2011-05-19,sh601002,晋亿实业,18.32,18.9,18.14,18.22,18.19,0.13,0.7147,2.6638,19671056,363306352.0,13528770400.0,13528770400.0
1048,2011-05-20,sh601002,晋亿实业,18.15,18.44,17.95,18.25,18.32,-0.17,-0.9279,1.6772,12385454,225029410.0,13403230500.0,13403230500.0
1049,2011-05-23,sh601002,晋亿实业,17.92,18.9,17.87,18.27,18.15,-0.23,-1.2672,3.5661,26334490,487034641.0,13233382400.0,13233382400.0
1050,2011-05-24,sh601002,晋亿实业,17.33,17.57,16.86,17.57,17.92,-0.59,-3.2924,2.674,19747015,339591821.0,12797685100.0,12797685100.0
1051,2011-05-25,sh601002,晋亿实业,19.06,19.06,17.1,17.24,17.33,1.73,9.9827,4.0681,30041830,555423530.0,14075238200.0,14075238200.0
1052,2011-05-26,sh601002,晋亿实业,18.39,19.76,18.37,19.76,19.06,-0.67,-3.5152,5.3719,39670053,753596683.0,13580463300.0,13580463300.0
1053,2011-05-27,sh601002,晋亿实业,17.38,18.2,17.3,17.95,18.39,-1.01,-5.4921,2.896,21386354,378273626.0,12834608600.0,12834608600.0
1054,2011-05-30,sh601002,晋亿实业,17.24,17.73,16.77,17.15,17.38,-0.14,-0.8055,1.7941,13249158,229470728.0,12731222800.0,12731222800.0
1055,2011-05-31,sh601002,晋亿实业,17.71,17.88,17.17,17.32,17.24,0.47,2.7262,2.1755,16065370,282480309.0,13078303700.0,13078303700.0
1056,2011-06-01,sh601002,晋亿实业,17.67,17.86,17.34,17.59,17.71,-0.04,-0.2259,1.8784,13871073,244510704.0,13048764900.0,13048764900.0
1057,2011-06-02,sh601002,晋亿实业,17.82,18.58,17.2,17.2,17.67,0.15,0.8489,3.264,24103390,432302303.0,13159535400.0,13159535400.0
1058,2011-06-03,sh601002,XD晋亿实,18.29,18.49,17.4,17.45,17.62,0.67,3.8025,2.708,19997476,361894075.0,13506616300.0,13506616300.0
1059,2011-06-07,sh601002,晋亿实业,18.49,18.85,18.32,18.4,18.29,0.2,1.0935,2.7725,20473755,379960788.0,13654310300.0,13654310300.0
1060,2011-06-08,sh601002,晋亿实业,19.65,20.0,18.1,18.37,18.49,1.16,6.2737,5.6097,41426199,792587924.0,14510935500.0,14510935500.0
1061,2011-06-09,sh601002,晋亿实业,18.62,19.5,18.61,19.38,19.65,-1.03,-5.2417,3.9428,29116240,555232315.0,13750311400.0,13750311400.0
1062,2011-06-10,sh601002,晋亿实业,19.11,19.19,18.14,18.4,18.62,0.49,2.6316,2.9426,21730117,407103297.0,14112161700.0,14112161700.0
1063,2011-06-13,sh601002,晋亿实业,18.88,19.08,18.41,18.9,19.11,-0.23,-1.2036,2.039,15057082,282676963.0,13942313600.0,13942313600.0
1064,2011-06-14,sh601002,晋亿实业,19.22,19.49,18.82,18.89,18.88,0.34,1.8008,2.6795,19787069,380213539.0,14193393400.0,14193393400.0
1065,2011-06-15,sh601002,晋亿实业,18.62,19.52,18.61,19.14,19.22,-0.6,-3.1217,2.7461,20279201,384848880.0,13750311400.0,13750311400.0
1066,2011-06-16,sh601002,晋亿实业,17.57,18.45,17.55,18.3,18.62,-1.05,-5.6391,2.3166,17107746,308185906.0,12974917900.0,12974917900.0
1067,2011-06-17,sh601002,晋亿实业,16.97,17.7,16.95,17.4,17.57,-0.6,-3.4149,1.5456,11413577,198007316.0,12531835900.0,12531835900.0
1068,2011-06-20,sh601002,晋亿实业,17.24,17.3,16.85,16.97,16.97,0.27,1.591,1.1672,8619501,147071202.0,12731222800.0,12731222800.0
1069,2011-06-21,sh601002,晋亿实业,17.36,17.41,16.93,17.34,17.24,0.12,0.6961,1.115,8234048,141601633.0,12819839200.0,12819839200.0
1070,2011-06-22,sh601002,晋亿实业,17.21,17.6,17.17,17.33,17.36,-0.15,-0.8641,1.207,8913648,155108712.0,12709068700.0,12709068700.0
1071,2011-06-23,sh601002,晋亿实业,17.35,17.49,16.52,17.06,17.21,0.14,0.8135,1.874,13838727,234980124.0,12812454500.0,12812454500.0
1072,2011-06-24,sh601002,晋亿实业,18.11,18.48,17.18,17.3,17.35,0.76,4.3804,3.1073,22946456,412339323.0,13373691700.0,13373691700.0
1073,2011-06-27,sh601002,晋亿实业,18.29,18.79,17.92,18.0,18.11,0.18,0.9939,2.5403,18759302,344071532.0,13506616300.0,13506616300.0
1074,2011-06-28,sh601002,晋亿实业,18.89,19.92,18.14,18.25,18.29,0.6,3.2805,4.2951,31717953,605796252.0,13949698300.0,13949698300.0
1075,2011-06-29,sh601002,晋亿实业,18.47,19.09,18.43,18.61,18.89,-0.42,-2.2234,3.1281,23100209,431999813.0,13639540900.0,13639540900.0
1076,2011-06-30,sh601002,晋亿实业,18.49,18.97,18.33,18.42,18.47,0.02,0.1083,2.2502,16617031,309168444.0,13654310300.0,13654310300.0
1077,2011-07-01,sh601002,晋亿实业,18.32,18.89,18.3,18.7,18.49,-0.17,-0.9194,1.8356,13555711,251395906.0,13528770400.0,13528770400.0
1078,2011-07-04,sh601002,晋亿实业,18.95,19.0,18.32,18.32,18.32,0.63,3.4389,2.5791,19045533,356942474.0,13994006500.0,13994006500.0
1079,2011-07-05,sh601002,晋亿实业,19.17,19.2,18.8,19.01,18.95,0.22,1.1609,2.5217,18622350,354227715.0,14156469900.0,14156469900.0
1080,2011-07-06,sh601002,晋亿实业,19.17,19.34,18.79,19.12,19.17,0.0,0.0,2.3998,17721755,338136470.0,14156469900.0,14156469900.0
1081,2011-07-07,sh601002,晋亿实业,19.32,19.8,19.06,19.15,19.17,0.15,0.7825,3.5621,26305256,511980359.0,14267240400.0,14267240400.0
1082,2011-07-08,sh601002,晋亿实业,18.92,19.36,18.81,19.2,19.32,-0.4,-2.0704,1.8654,13775120,262058891.0,13971852400.0,13971852400.0
1083,2011-07-11,sh601002,晋亿实业,18.85,18.87,18.61,18.8,18.92,-0.07,-0.37,1.4056,10380112,194464491.0,13920159500.0,13920159500.0
1084,2011-07-12,sh601002,晋亿实业,18.02,18.73,17.96,18.63,18.85,-0.83,-4.4032,1.8816,13894929,255645520.0,13307229400.0,13307229400.0
1085,2011-07-13,sh601002,晋亿实业,18.3,18.5,17.92,17.98,18.02,0.28,1.5538,1.5264,11271755,205393617.0,13514001000.0,13514001000.0
1086,2011-07-14,sh601002,晋亿实业,18.41,18.56,18.13,18.35,18.3,0.11,0.6011,1.5319,11312412,207178222.0,13595232700.0,13595232700.0
1087,2011-07-15,sh601002,晋亿实业,18.62,18.65,18.18,18.38,18.41,0.21,1.1407,1.6325,12055790,222849401.0,13750311400.0,13750311400.0
1088,2011-07-18,sh601002,晋亿实业,19.13,19.58,19.0,19.12,18.62,0.51,2.739,3.2744,24180761,465176260.0,14126931100.0,14126931100.0
1089,2011-07-19,sh601002,晋亿实业,19.65,19.68,18.9,18.96,19.13,0.52,2.7182,4.0763,30102173,584141035.0,14510935500.0,14510935500.0
1090,2011-07-20,sh601002,晋亿实业,19.19,19.9,19.04,19.8,19.65,-0.46,-2.341,2.6833,19815198,383672494.0,14171239300.0,14171239300.0
1091,2011-07-21,sh601002,晋亿实业,18.58,19.19,18.55,19.08,19.19,-0.61,-3.1787,1.707,12605995,236933893.0,13720772600.0,13720772600.0
1092,2011-07-22,sh601002,晋亿实业,18.5,18.84,18.43,18.74,18.58,-0.08,-0.4306,1.1747,8674885,161403541.0,13661695000.0,13661695000.0
1093,2011-07-25,sh601002,晋亿实业,16.65,17.65,16.65,17.3,18.5,-1.85,-10.0,3.3611,24820615,421019299.0,12295525500.0,12295525500.0
1094,2011-07-26,sh601002,晋亿实业,15.94,16.2,15.49,16.2,16.65,-0.71,-4.2643,2.8066,20726105,329064375.0,11771211800.0,11771211800.0
1095,2011-07-27,sh601002,晋亿实业,16.02,16.13,15.69,15.79,15.94,0.08,0.5019,1.9268,14228786,226930696.0,11830289400.0,11830289400.0
1096,2011-07-28,sh601002,晋亿实业,15.98,16.05,15.66,15.84,16.02,-0.04,-0.2497,1.5958,11784267,186752199.0,11800750600.0,11800750600.0
1097,2011-07-29,sh601002,晋亿实业,15.23,16.0,15.21,15.94,15.98,-0.75,-4.6934,1.8752,13847496,215056072.0,11246898100.0,11246898100.0
1098,2011-08-01,sh601002,晋亿实业,15.21,15.59,15.13,15.27,15.23,-0.02,-0.1313,1.1144,8229577,125834656.0,11232128700.0,11232128700.0
1099,2011-08-02,sh601002,晋亿实业,14.99,15.17,14.53,15.15,15.21,-0.22,-1.4464,1.4828,10949733,162310320.0,11069665300.0,11069665300.0
1100,2011-08-03,sh601002,晋亿实业,14.95,15.09,14.66,14.7,14.99,-0.04,-0.2668,1.0681,7887852,117640270.0,11040126500.0,11040126500.0
1101,2011-08-04,sh601002,晋亿实业,14.97,15.23,14.85,14.95,14.95,0.02,0.1338,1.3651,10080791,151587046.0,11054895900.0,11054895900.0
1102,2011-08-05,sh601002,晋亿实业,14.69,14.79,14.33,14.5,14.97,-0.28,-1.8704,1.1976,8843735,128954899.0,10848124300.0,10848124300.0
1103,2011-08-08,sh601002,晋亿实业,13.64,14.85,13.5,14.5,14.69,-1.05,-7.1477,1.8544,13694479,193596398.0,10072730800.0,10072730800.0
1104,2011-08-09,sh601002,晋亿实业,13.53,13.67,12.81,13.21,13.64,-0.11,-0.8065,1.6846,12440569,165439292.0,9991499100.0,9991499100.0
1105,2011-08-10,sh601002,晋亿实业,13.56,13.91,13.55,13.7,13.53,0.03,0.2217,1.8814,13893549,190543888.0,10013653200.0,10013653200.0
1106,2011-08-11,sh601002,晋亿实业,13.7,13.77,12.95,13.0,13.56,0.14,1.0324,1.9523,14417226,193771093.0,10117039000.0,10117039000.0
1107,2011-08-12,sh601002,晋亿实业,13.77,14.16,13.6,13.71,13.7,0.07,0.5109,2.6892,19858987,276169730.0,10168731900.0,10168731900.0
1108,2011-08-15,sh601002,晋亿实业,13.95,13.98,13.54,13.75,13.77,0.18,1.3072,1.6106,11893510,163522278.0,10301656500.0,10301656500.0
1109,2011-08-16,sh601002,晋亿实业,13.7,14.22,13.68,13.89,13.95,-0.25,-1.7921,1.7854,13184848,184109875.0,10117039000.0,10117039000.0
1110,2011-08-17,sh601002,晋亿实业,13.58,13.91,13.52,13.7,13.7,-0.12,-0.8759,1.0384,7668623,104992747.0,10028422600.0,10028422600.0
1111,2011-08-18,sh601002,晋亿实业,12.7,13.47,12.68,13.4,13.58,-0.88,-6.4801,2.9885,22069169,286180690.0,9378569000.0,9378569000.0
1112,2011-08-19,sh601002,晋亿实业,12.57,12.85,12.41,12.45,12.7,-0.13,-1.0236,1.5061,11121980,140250178.0,9282567900.0,9282567900.0
1113,2011-08-22,sh601002,晋亿实业,12.64,12.72,12.32,12.64,12.57,0.07,0.5569,1.3687,10107717,127075718.0,9334260800.0,9334260800.0
1114,2011-08-23,sh601002,晋亿实业,12.83,13.38,12.6,12.64,12.64,0.19,1.5032,2.0632,15236342,197563533.0,9474570100.0,9474570100.0
1115,2011-08-24,sh601002,晋亿实业,12.64,12.94,12.61,12.82,12.83,-0.19,-1.4809,1.4154,10452041,133605520.0,9334260800.0,9334260800.0
1116,2011-08-25,sh601002,晋亿实业,12.96,13.14,12.52,12.67,12.64,0.32,2.5316,1.9331,14275193,183555357.0,9570571200.0,9570571200.0
1117,2011-08-26,sh601002,晋亿实业,13.17,13.43,12.85,12.89,12.96,0.21,1.6204,2.1223,15672620,206630816.0,9725649900.0,9725649900.0
1118,2011-08-29,sh601002,晋亿实业,12.73,13.1,12.68,13.09,13.17,-0.44,-3.3409,1.3642,10074296,129430316.0,9400723100.0,9400723100.0
1119,2011-08-30,sh601002,晋亿实业,12.53,12.96,12.52,12.81,12.73,-0.2,-1.5711,1.0959,8093103,103270233.0,9253029100.0,9253029100.0
1120,2011-08-31,sh601002,晋亿实业,12.52,12.68,12.35,12.53,12.53,-0.01,-0.0798,0.8088,5972608,74738122.0,9245644400.0,9245644400.0
1121,2011-09-01,sh601002,晋亿实业,12.6,12.74,12.4,12.53,12.52,0.08,0.639,0.9448,6976702,87734359.0,9304722000.0,9304722000.0
1122,2011-09-02,sh601002,晋亿实业,12.61,12.67,12.35,12.56,12.6,0.01,0.0794,0.9683,7150641,89320971.0,9312106700.0,9312106700.0
1123,2011-09-05,sh601002,晋亿实业,0.0,0.0,0.0,0.0,12.61,,,0.0,0,0.0,9312106700.0,9312106700.0
1124,2011-09-06,sh601002,晋亿实业,11.84,12.34,11.71,12.34,12.61,-0.77,-6.1063,1.2988,9590965,114963882.0,8743484800.0,8743484800.0
1125,2011-09-07,sh601002,晋亿实业,12.15,12.17,11.82,11.88,11.84,0.31,2.6182,1.2155,8976216,107832131.0,8972410500.0,8972410500.0
1126,2011-09-08,sh601002,晋亿实业,11.75,12.21,11.73,12.2,12.15,-0.4,-3.2922,1.0179,7516660,89950716.0,8677022500.0,8677022500.0
1127,2011-09-09,sh601002,晋亿实业,11.75,11.89,11.63,11.8,11.75,0.0,0.0,0.8844,6531228,76814835.0,8677022500.0,8677022500.0
1128,2011-09-13,sh601002,晋亿实业,11.72,11.78,11.39,11.53,11.75,-0.03,-0.2553,0.8772,6478002,75102874.0,8654868400.0,8654868400.0
1129,2011-09-14,sh601002,晋亿实业,11.95,11.98,11.52,11.72,11.72,0.23,1.9625,0.8774,6479197,76448585.0,8824716500.0,8824716500.0
1130,2011-09-15,sh601002,晋亿实业,12.1,12.55,11.84,11.99,11.95,0.15,1.2552,2.1438,15831173,193259926.0,8935487000.0,8935487000.0
1131,2011-09-16,sh601002,晋亿实业,11.86,12.15,11.84,12.13,12.1,-0.24,-1.9835,1.2457,9199166,110261531.0,8758254200.0,8758254200.0
1132,2011-09-19,sh601002,晋亿实业,11.56,11.84,11.45,11.7,11.86,-0.3,-2.5295,0.7848,5795600,67132124.0,8536713200.0,8536713200.0
1133,2011-09-20,sh601002,晋亿实业,11.85,11.87,11.51,11.54,11.56,0.29,2.5087,0.9677,7146217,83977316.0,8750869500.0,8750869500.0
1134,2011-09-21,sh601002,晋亿实业,13.04,13.04,11.75,11.84,11.85,1.19,10.0422,4.5415,33537485,425137157.0,9629648800.0,9629648800.0
1135,2011-09-22,sh601002,晋亿实业,0.0,0.0,0.0,0.0,13.04,,,0.0,0,0.0,9629648800.0,9629648800.0
1136,2011-09-23,sh601002,晋亿实业,12.98,13.0,12.44,12.51,13.04,-0.06,-0.4601,4.4797,33081069,419486552.0,9585340600.0,9585340600.0
1137,2011-09-26,sh601002,晋亿实业,12.72,13.33,12.66,12.94,12.98,-0.26,-2.0031,3.1499,23261279,302516284.0,9393338400.0,9393338400.0
1138,2011-09-27,sh601002,晋亿实业,13.09,13.19,12.51,12.9,12.72,0.37,2.9088,2.5409,18763612,241589947.0,9666572300.0,9666572300.0
1139,2011-09-28,sh601002,晋亿实业,12.59,13.0,12.43,12.83,13.09,-0.5,-3.8197,2.0033,14793578,188755412.0,9297337300.0,9297337300.0
1140,2011-09-29,sh601002,晋亿实业,12.01,12.78,12.0,12.68,12.59,-0.58,-4.6068,1.6287,12027420,148411898.0,8869024700.0,8869024700.0
1141,2011-09-30,sh601002,晋亿实业,10.9,12.07,10.81,12.07,12.01,-1.11,-9.2423,2.9767,21981964,241776298.0,8049323000.0,8049323000.0
1142,2011-10-10,sh601002,晋亿实业,10.81,10.99,10.65,10.9,10.9,-0.09,-0.8257,0.9933,7335214,79211452.0,7982860700.0,7982860700.0
1143,2011-10-11,sh601002,晋亿实业,10.79,11.18,10.59,11.0,10.81,-0.02,-0.185,1.3892,10258946,112473860.0,7968091300.0,7968091300.0
1144,2011-10-12,sh601002,晋亿实业,11.65,11.87,10.58,10.6,10.79,0.86,7.9703,2.8998,21414492,244538793.0,8603175500.0,8603175500.0
1145,2011-10-13,sh601002,晋亿实业,12.22,12.46,11.5,11.65,11.65,0.57,4.8927,3.4523,25494409,307873039.0,9024103400.0,9024103400.0
1146,2011-10-14,sh601002,晋亿实业,12.45,12.52,12.03,12.03,12.22,0.23,1.8822,2.4117,17809681,219247268.0,9193951500.0,9193951500.0
1147,2011-10-17,sh601002,晋亿实业,12.7,12.88,12.37,12.5,12.45,0.25,2.008,2.4588,18157792,229524587.0,9378569000.0,9378569000.0
1148,2011-10-18,sh601002,晋亿实业,11.76,12.52,11.68,12.52,12.7,-0.94,-7.4016,2.3597,17425877,211294147.0,8684407200.0,8684407200.0
1149,2011-10-19,sh601002,晋亿实业,12.8,12.94,11.8,11.81,11.76,1.04,8.8435,5.0871,37566552,477471275.0,9452416000.0,9452416000.0
1150,2011-10-20,sh601002,晋亿实业,12.86,12.88,12.26,12.61,12.8,0.06,0.4688,3.574,26393113,332335175.0,9496724200.0,9496724200.0
1151,2011-10-21,sh601002,晋亿实业,12.61,13.06,12.33,12.84,12.86,-0.25,-1.944,3.0498,22521961,287406255.0,9312106700.0,9312106700.0
1152,2011-10-24,sh601002,晋亿实业,13.36,13.5,11.92,12.48,12.61,0.75,5.9477,4.0972,30256261,387604523.0,9865959200.0,9865959200.0
1153,2011-10-25,sh601002,晋亿实业,14.42,14.7,13.18,13.3,13.36,1.06,7.9341,6.0705,44829183,623071689.0,10648737400.0,10648737400.0
1154,2011-10-26,sh601002,晋亿实业,14.16,14.95,13.94,14.06,14.42,-0.26,-1.8031,4.8959,36155088,517390781.0,10456735200.0,10456735200.0
1155,2011-10-27,sh601002,晋亿实业,14.16,14.3,13.9,14.16,14.16,0.0,0.0,2.263,16711334,235511682.0,10456735200.0,10456735200.0
1156,2011-10-28,sh601002,晋亿实业,14.19,14.65,13.91,14.3,14.16,0.03,0.2119,2.8273,20878934,297613831.0,10478889300.0,10478889300.0
1157,2011-10-31,sh601002,晋亿实业,14.25,14.48,13.8,14.18,14.19,0.06,0.4228,2.705,19975727,281979737.0,10523197500.0,10523197500.0
1158,2011-11-01,sh601002,晋亿实业,14.09,14.43,13.91,14.0,14.25,-0.16,-1.1228,1.8623,13752229,195143099.0,10405042300.0,10405042300.0
1159,2011-11-02,sh601002,晋亿实业,14.7,14.87,13.62,13.8,14.09,0.61,4.3293,4.3993,32487533,470684788.0,10855509000.0,10855509000.0
1160,2011-11-03,sh601002,晋亿实业,14.3,14.75,14.28,14.55,14.7,-0.4,-2.7211,3.5136,25946873,374988910.0,10560121000.0,10560121000.0
1161,2011-11-04,sh601002,晋亿实业,14.08,14.42,13.97,14.32,14.3,-0.22,-1.5385,2.1792,16092926,227622910.0,10397657600.0,10397657600.0
1162,2011-11-07,sh601002,晋亿实业,13.75,14.2,13.69,14.09,14.08,-0.33,-2.3438,1.6242,11994337,166081592.0,10153962500.0,10153962500.0
1163,2011-11-08,sh601002,晋亿实业,13.7,13.83,13.61,13.71,13.75,-0.05,-0.3636,1.2411,9165403,125706891.0,10117039000.0,10117039000.0
1164,2011-11-09,sh601002,晋亿实业,14.0,14.02,13.7,13.7,13.7,0.3,2.1898,1.8507,13666713,189682918.0,10338580000.0,10338580000.0
1165,2011-11-10,sh601002,晋亿实业,13.3,13.85,13.29,13.76,14.0,-0.7,-5.0,1.9698,14546603,197123348.0,9821651000.0,9821651000.0
1166,2011-11-11,sh601002,晋亿实业,13.58,13.81,13.23,13.45,13.3,0.28,2.1053,1.976,14591819,197618097.0,10028422600.0,10028422600.0
1167,2011-11-14,sh601002,晋亿实业,13.77,13.8,13.51,13.65,13.58,0.19,1.3991,1.4505,10711156,146653950.0,10168731900.0,10168731900.0
1168,2011-11-15,sh601002,晋亿实业,14.09,14.35,13.41,13.69,13.77,0.32,2.3239,2.968,21917498,305737882.0,10405042300.0,10405042300.0
1169,2011-11-16,sh601002,晋亿实业,13.69,14.2,13.45,14.0,14.09,-0.4,-2.8389,1.8744,13842018,191241173.0,10109654300.0,10109654300.0
1170,2011-11-17,sh601002,晋亿实业,13.32,13.69,13.3,13.5,13.69,-0.37,-2.7027,1.0683,7888982,106046428.0,9836420400.0,9836420400.0
1171,2011-11-18,sh601002,晋亿实业,13.01,13.36,12.9,13.25,13.32,-0.31,-2.3273,1.1273,8325102,109186425.0,9607494700.0,9607494700.0
1172,2011-11-21,sh601002,晋亿实业,13.69,13.79,12.92,13.01,13.01,0.68,5.2267,1.9798,14619902,197089415.0,10109654300.0,10109654300.0
1173,2011-11-22,sh601002,晋亿实业,13.57,13.74,13.19,13.51,13.69,-0.12,-0.8766,1.1177,8254043,111455606.0,10021037900.0,10021037900.0
1174,2011-11-23,sh601002,晋亿实业,13.41,13.84,13.4,13.48,13.57,-0.16,-1.1791,0.7315,5402190,73340153.0,9902882700.0,9902882700.0
1175,2011-11-24,sh601002,晋亿实业,13.39,13.45,12.98,13.14,13.41,-0.02,-0.1491,0.9257,6836192,90176737.0,9888113300.0,9888113300.0
1176,2011-11-25,sh601002,晋亿实业,13.13,13.45,13.05,13.28,13.39,-0.26,-1.9417,0.4263,3148370,41726436.0,9696111100.0,9696111100.0
1177,2011-11-28,sh601002,晋亿实业,13.11,13.32,13.03,13.14,13.13,-0.02,-0.1523,0.3917,2892780,38074921.0,9681341700.0,9681341700.0
1178,2011-11-29,sh601002,晋亿实业,13.38,13.55,13.15,13.34,13.11,0.27,2.0595,1.0689,7893595,105632381.0,9880728600.0,9880728600.0
1179,2011-11-30,sh601002,晋亿实业,12.2,13.33,12.04,13.3,13.38,-1.18,-8.8191,1.579,11660645,146730869.0,9009334000.0,9009334000.0
1180,2011-12-01,sh601002,晋亿实业,12.29,12.83,12.26,12.71,12.2,0.09,0.7377,1.3723,10133673,126818152.0,9075796300.0,9075796300.0
1181,2011-12-02,sh601002,晋亿实业,12.14,12.38,12.04,12.27,12.29,-0.15,-1.2205,0.729,5383213,65859401.0,8965025800.0,8965025800.0
1182,2011-12-05,sh601002,晋亿实业,11.7,12.09,11.0,11.99,12.14,-0.44,-3.6244,0.8569,6328275,73700119.0,8640099000.0,8640099000.0
1183,2011-12-06,sh601002,晋亿实业,11.49,11.71,11.28,11.51,11.7,-0.21,-1.7949,0.5719,4223088,48327307.0,8485020300.0,8485020300.0
1184,2011-12-07,sh601002,晋亿实业,11.44,11.62,11.34,11.5,11.49,-0.05,-0.4352,0.3965,2927904,33607648.0,8448096800.0,8448096800.0
1185,2011-12-08,sh601002,晋亿实业,11.35,11.5,11.0,11.37,11.44,-0.09,-0.7867,0.627,4630416,52293575.0,8381634500.0,8381634500.0
1186,2011-12-09,sh601002,晋亿实业,11.23,11.34,11.09,11.2,11.35,-0.12,-1.0573,0.4485,3312382,37101784.0,8293018100.0,8293018100.0
1187,2011-12-12,sh601002,晋亿实业,11.03,11.3,11.0,11.24,11.23,-0.2,-1.7809,0.4179,3085910,34356773.0,8145324100.0,8145324100.0
1188,2011-12-13,sh601002,晋亿实业,10.44,10.95,10.08,10.95,11.03,-0.59,-5.349,0.9729,7184459,74847416.0,7709626800.0,7709626800.0
1189,2011-12-14,sh601002,晋亿实业,10.24,10.42,10.09,10.22,10.44,-0.2,-1.9157,0.5868,4333692,44298996.0,7561932800.0,7561932800.0
1190,2011-12-15,sh601002,晋亿实业,10.12,10.25,9.86,10.2,10.24,-0.12,-1.1719,0.6743,4979372,50035883.0,7473316400.0,7473316400.0
1191,2011-12-16,sh601002,晋亿实业,10.36,10.37,9.96,10.12,10.12,0.24,2.3715,0.6395,4722215,48025533.0,7650549200.0,7650549200.0
1192,2011-12-19,sh601002,晋亿实业,10.21,10.29,9.96,10.29,10.36,-0.15,-1.4479,0.4934,3643931,36963149.0,7539778700.0,7539778700.0
1193,2011-12-20,sh601002,晋亿实业,10.27,10.54,10.16,10.2,10.21,0.06,0.5877,0.6605,4877506,50535681.0,7584086900.0,7584086900.0
1194,2011-12-21,sh601002,晋亿实业,9.69,10.45,9.6,10.39,10.27,-0.58,-5.6475,0.5567,4110762,41466009.0,7155774300.0,7155774300.0
1195,2011-12-22,sh601002,晋亿实业,9.52,9.89,8.98,9.5,9.69,-0.17,-1.7544,0.9042,6677480,62643377.0,7030234400.0,7030234400.0
1196,2011-12-23,sh601002,晋亿实业,10.1,10.35,9.4,9.45,9.52,0.58,6.0924,1.4303,10562394,105537321.0,7458547000.0,7458547000.0
1197,2011-12-26,sh601002,晋亿实业,9.8,10.14,9.7,10.02,10.1,-0.3,-2.9703,0.6984,5157432,51204354.0,7237006000.0,7237006000.0
1198,2011-12-27,sh601002,晋亿实业,9.44,9.8,9.42,9.7,9.8,-0.36,-3.6735,0.4981,3678290,35263456.0,6971156800.0,6971156800.0
1199,2011-12-28,sh601002,晋亿实业,9.38,9.46,9.07,9.41,9.44,-0.06,-0.6356,0.5028,3713062,34509197.0,6926848600.0,6926848600.0
1200,2011-12-29,sh601002,晋亿实业,9.73,10.15,9.6,9.7,9.38,0.35,3.7313,1.681,12413718,122705387.0,7185313100.0,7185313100.0
1201,2011-12-30,sh601002,晋亿实业,9.77,9.78,9.52,9.6,9.73,0.04,0.4111,0.8491,6270477,60789624.0,7214851900.0,7214851900.0
1202,2012-01-04,sh601002,晋亿实业,9.27,9.87,9.26,9.78,9.77,-0.5,-5.1177,0.8036,5934541,57228639.0,6845616900.0,6845616900.0
1203,2012-01-05,sh601002,晋亿实业,8.81,9.39,8.76,9.26,9.27,-0.46,-4.9622,0.6934,5120354,46424637.0,6505920700.0,6505920700.0
1204,2012-01-06,sh601002,晋亿实业,8.92,9.0,8.65,8.65,8.81,0.11,1.2486,0.5623,4152769,36539043.0,6587152400.0,6587152400.0
1205,2012-01-09,sh601002,晋亿实业,9.42,9.5,8.78,8.95,8.92,0.5,5.6054,1.3866,10239643,93996741.0,6956387400.0,6956387400.0
1206,2012-01-10,sh601002,晋亿实业,9.9,9.96,9.29,9.38,9.42,0.48,5.0955,1.9935,14721528,142441642.0,7310853000.0,7310853000.0
1207,2012-01-11,sh601002,晋亿实业,10.17,10.26,9.65,9.77,9.9,0.27,2.7273,2.3573,17408218,173828551.0,7510239900.0,7510239900.0
1208,2012-01-12,sh601002,晋亿实业,10.0,10.19,9.8,10.0,10.17,-0.17,-1.6716,1.4158,10455334,104542442.0,7384700000.0,7384700000.0
1209,2012-01-13,sh601002,晋亿实业,9.57,10.05,9.46,10.05,10.0,-0.43,-4.3,1.2691,9372102,90883483.0,7067157900.0,7067157900.0
1210,2012-01-16,sh601002,晋亿实业,8.93,9.55,8.88,9.38,9.57,-0.64,-6.6876,0.6937,5122534,47503220.0,6594537100.0,6594537100.0
1211,2012-01-17,sh601002,晋亿实业,9.66,9.7,8.9,8.9,8.93,0.73,8.1747,1.3882,10251422,96036030.0,7133620200.0,7133620200.0
1212,2012-01-18,sh601002,晋亿实业,9.42,9.9,9.25,9.61,9.66,-0.24,-2.4845,1.4156,10453943,100884132.0,6956387400.0,6956387400.0
1213,2012-01-19,sh601002,晋亿实业,9.42,9.59,9.2,9.44,9.42,0.0,0.0,0.9542,7046432,66309994.0,6956387400.0,6956387400.0
1214,2012-01-20,sh601002,晋亿实业,9.49,9.57,9.31,9.5,9.42,0.07,0.7431,0.8816,6509985,61605419.0,7008080300.0,7008080300.0
1215,2012-01-30,sh601002,晋亿实业,9.55,9.68,9.45,9.61,9.49,0.06,0.6322,0.8881,6558268,62651512.0,7052388500.0,7052388500.0
1216,2012-01-31,sh601002,晋亿实业,9.38,9.5,9.25,9.41,9.55,-0.17,-1.7801,0.7449,5501134,51290866.0,6926848600.0,6926848600.0
1217,2012-02-01,sh601002,晋亿实业,9.25,9.48,9.2,9.35,9.38,-0.13,-1.3859,0.6369,4703595,43905732.0,6830847500.0,6830847500.0
1218,2012-02-02,sh601002,晋亿实业,9.47,9.49,9.16,9.29,9.25,0.22,2.3784,1.0563,7800140,72937576.0,6993310900.0,6993310900.0
1219,2012-02-03,sh601002,晋亿实业,9.73,9.82,9.42,9.45,9.47,0.26,2.7455,1.6593,12253675,118729652.0,7185313100.0,7185313100.0
1220,2012-02-06,sh601002,晋亿实业,9.8,9.92,9.7,9.78,9.73,0.07,0.7194,1.5625,11538233,113131832.0,7237006000.0,7237006000.0
1221,2012-02-07,sh601002,晋亿实业,9.73,10.02,9.6,9.7,9.8,-0.07,-0.7143,2.8379,20956677,206551549.0,7185313100.0,7185313100.0
1222,2012-02-08,sh601002,晋亿实业,0.0,0.0,0.0,0.0,9.73,,,0.0,0,0.0,7185313100.0,7185313100.0
1223,2012-02-09,sh601002,晋亿实业,10.01,10.6,9.92,9.95,9.73,0.28,2.8777,3.5643,26321565,267190240.0,7392084700.0,7392084700.0
1224,2012-02-10,sh601002,晋亿实业,10.36,10.58,9.92,10.02,10.01,0.35,3.4965,3.0963,22865391,235186899.0,7650549200.0,7650549200.0
1225,2012-02-13,sh601002,晋亿实业,10.34,10.42,10.15,10.27,10.36,-0.02,-0.1931,1.7195,12697854,130696795.0,7635779800.0,7635779800.0
1226,2012-02-14,sh601002,晋亿实业,10.22,10.4,10.15,10.27,10.34,-0.12,-1.1605,1.2327,9103469,93277645.0,7547163400.0,7547163400.0
1227,2012-02-15,sh601002,晋亿实业,10.38,10.45,10.18,10.25,10.22,0.16,1.5656,2.0314,15001507,154934307.0,7665318600.0,7665318600.0
1228,2012-02-16,sh601002,晋亿实业,10.59,10.63,10.31,10.4,10.38,0.21,2.0231,3.1474,23242943,243662321.0,7820397300.0,7820397300.0
1229,2012-02-17,sh601002,晋亿实业,10.51,10.62,10.3,10.59,10.59,-0.08,-0.7554,1.9102,14106448,147292476.0,7761319700.0,7761319700.0
1230,2012-02-20,sh601002,晋亿实业,10.49,10.74,10.42,10.58,10.51,-0.02,-0.1903,2.5629,18926499,199742506.0,7746550300.0,7746550300.0
1231,2012-02-21,sh601002,晋亿实业,10.64,10.66,10.25,10.42,10.49,0.15,1.4299,2.0997,15505502,162260452.0,7857320800.0,7857320800.0
1232,2012-02-22,sh601002,晋亿实业,10.77,10.87,10.44,10.62,10.64,0.13,1.2218,4.0813,30138937,323780270.0,7953321900.0,7953321900.0
1233,2012-02-23,sh601002,晋亿实业,10.59,10.74,10.46,10.68,10.77,-0.18,-1.6713,2.3562,17399560,184407928.0,7820397300.0,7820397300.0
1234,2012-02-24,sh601002,晋亿实业,10.85,11.04,10.49,10.57,10.59,0.26,2.4551,3.5632,26313498,283906433.0,8012399500.0,8012399500.0
1235,2012-02-27,sh601002,晋亿实业,0.0,0.0,0.0,0.0,10.85,,,0.0,0,0.0,8012399500.0,8012399500.0
1236,2012-02-28,sh601002,晋亿实业,11.16,11.25,10.48,10.8,10.85,0.31,2.8571,5.2415,38706616,419200707.0,8241325200.0,8241325200.0
1237,2012-02-29,sh601002,晋亿实业,10.66,11.1,10.62,11.0,11.16,-0.5,-4.4803,3.2333,23877268,260150950.0,7872090200.0,7872090200.0
1238,2012-03-01,sh601002,晋亿实业,10.5,10.63,10.36,10.54,10.66,-0.16,-1.5009,1.8501,13662496,143508125.0,7753935000.0,7753935000.0
1239,2012-03-02,sh601002,晋亿实业,11.28,11.55,10.51,10.57,10.5,0.78,7.4286,6.5685,48506356,545064305.0,8329941600.0,8329941600.0
1240,2012-03-05,sh601002,晋亿实业,11.26,11.37,11.13,11.14,11.28,-0.02,-0.1773,2.6955,19905637,223868042.0,8315172200.0,8315172200.0
1241,2012-03-06,sh601002,晋亿实业,11.18,11.4,11.1,11.16,11.26,-0.08,-0.7105,1.7663,13043855,146672291.0,8256094600.0,8256094600.0
1242,2012-03-07,sh601002,晋亿实业,11.13,11.37,10.94,11.09,11.18,-0.05,-0.4472,1.8084,13354158,149411074.0,8219171100.0,8219171100.0
1243,2012-03-08,sh601002,晋亿实业,11.15,11.3,11.05,11.26,11.13,0.02,0.1797,2.0242,14948120,166936045.0,8233940500.0,8233940500.0
1244,2012-03-09,sh601002,晋亿实业,11.15,11.22,11.04,11.18,11.15,0.0,0.0,2.0077,14826415,165068582.0,8233940500.0,8233940500.0
1245,2012-03-12,sh601002,晋亿实业,11.01,11.25,10.89,11.18,11.15,-0.14,-1.2556,2.021,14924684,164877633.0,8130554700.0,8130554700.0
1246,2012-03-13,sh601002,晋亿实业,11.15,11.17,10.92,11.04,11.01,0.14,1.2716,2.0566,15187666,167450444.0,8233940500.0,8233940500.0
1247,2012-03-14,sh601002,晋亿实业,10.3,11.33,10.22,11.3,11.15,-0.85,-7.6233,3.4511,25485222,275364697.0,7606241000.0,7606241000.0
1248,2012-03-15,sh601002,晋亿实业,9.7,10.37,9.65,10.3,10.3,-0.6,-5.8252,2.8946,21375602,212512659.0,7163159000.0,7163159000.0
1249,2012-03-16,sh601002,晋亿实业,0.0,0.0,0.0,0.0,9.7,,,0.0,0,0.0,7163159000.0,7163159000.0
1250,2012-03-19,sh601002,晋亿实业,9.94,10.1,9.74,9.9,9.7,0.24,2.4742,3.4942,25803943,255888741.0,7340391800.0,7340391800.0
1251,2012-03-20,sh601002,晋亿实业,9.75,10.1,9.68,10.05,9.94,-0.19,-1.9115,2.3265,17180615,169730519.0,7200082500.0,7200082500.0
1252,2012-03-21,sh601002,晋亿实业,10.2,10.72,9.86,9.95,9.75,0.45,4.6154,5.2001,38401514,393639634.0,7532394000.0,7532394000.0
1253,2012-03-22,sh601002,晋亿实业,10.2,10.7,10.16,10.7,10.2,0.0,0.0,4.0428,29854923,311987295.0,7532394000.0,7532394000.0
1254,2012-03-23,sh601002,晋亿实业,9.97,10.06,9.8,10.05,10.2,-0.23,-2.2549,1.9163,14151645,140580386.0,7362545900.0,7362545900.0
1255,2012-03-26,sh601002,晋亿实业,9.69,9.93,9.55,9.86,9.97,-0.28,-2.8084,1.3158,9716584,94340625.0,7155774300.0,7155774300.0
1256,2012-03-27,sh601002,晋亿实业,9.66,9.85,9.62,9.71,9.69,-0.03,-0.3096,0.9762,7208914,70013134.0,7133620200.0,7133620200.0
1257,2012-03-28,sh601002,晋亿实业,9.03,9.6,8.91,9.59,9.66,-0.63,-6.5217,1.6745,12365481,114236407.0,6668384100.0,6668384100.0
1258,2012-03-29,sh601002,晋亿实业,8.92,9.07,8.74,9.0,9.03,-0.11,-1.2182,1.1684,8628492,76863505.0,6587152400.0,6587152400.0
1259,2012-03-30,sh601002,晋亿实业,8.88,9.02,8.68,8.97,8.92,-0.04,-0.4484,0.9226,6812908,60367004.0,6557613600.0,6557613600.0
1260,2012-04-05,sh601002,晋亿实业,9.18,9.27,8.93,9.01,8.88,0.3,3.3784,1.3389,9887053,90490770.0,6779154600.0,6779154600.0
1261,2012-04-06,sh601002,晋亿实业,9.25,9.29,9.12,9.21,9.18,0.07,0.7625,1.2904,9529219,87762054.0,6830847500.0,6830847500.0
1262,2012-04-09,sh601002,晋亿实业,9.07,9.24,9.04,9.24,9.25,-0.18,-1.9459,0.905,6683062,61047865.0,6697922900.0,6697922900.0
1263,2012-04-10,sh601002,晋亿实业,9.15,9.18,8.75,9.01,9.07,0.08,0.882,1.1288,8336006,74508181.0,6757000500.0,6757000500.0
1264,2012-04-11,sh601002,晋亿实业,0.0,0.0,0.0,0.0,9.15,,,0.0,0,0.0,6757000500.0,6757000500.0
1265,2012-04-12,sh601002,晋亿实业,9.47,9.61,9.08,9.18,9.15,0.32,3.4973,1.9735,14573906,135743678.0,6993310900.0,6993310900.0
1266,2012-04-13,sh601002,晋亿实业,9.58,9.8,9.37,9.49,9.47,0.11,1.1616,2.7074,19993068,191074119.0,7074542600.0,7074542600.0
1267,2012-04-16,sh601002,晋亿实业,9.58,9.64,9.42,9.45,9.58,0.0,0.0,1.6959,12523931,119513441.0,7074542600.0,7074542600.0
1268,2012-04-17,sh601002,晋亿实业,9.34,9.66,9.33,9.54,9.58,-0.24,-2.5052,1.2917,9538765,90331307.0,6897309800.0,6897309800.0
1269,2012-04-18,sh601002,晋亿实业,10.27,10.27,9.36,9.39,9.34,0.93,9.9572,7.873,58139614,588085110.0,7584086900.0,7584086900.0
1270,2012-04-19,sh601002,晋亿实业,10.42,10.81,10.12,10.2,10.27,0.15,1.4606,7.0586,52125355,546426892.0,7694857400.0,7694857400.0
1271,2012-04-20,sh601002,晋亿实业,11.43,11.45,10.3,10.35,10.42,1.01,9.6929,7.9548,58743917,645598072.0,8440712100.0,8440712100.0
1272,2012-04-23,sh601002,晋亿实业,12.26,12.48,11.16,11.23,11.43,0.83,7.2616,9.0919,67140950,794964073.0,9053642200.0,9053642200.0
1273,2012-04-24,sh601002,晋亿实业,13.49,13.49,11.76,12.0,12.26,1.23,10.0326,10.4637,77271159,963472615.0,9961960300.0,9961960300.0
1274,2012-04-25,sh601002,晋亿实业,14.84,14.84,13.18,13.49,13.49,1.35,10.0074,9.4405,69715572,986685669.0,10958894800.0,10958894800.0
1275,2012-04-26,sh601002,晋亿实业,14.46,15.6,14.32,15.15,14.84,-0.38,-2.5606,10.9724,81027575,1207375811.0,10678276200.0,10678276200.0
1276,2012-04-27,sh601002,晋亿实业,13.96,14.56,13.93,14.2,14.46,-0.5,-3.4578,7.7722,57395003,814430507.0,10309041200.0,10309041200.0
1277,2012-05-02,sh601002,晋亿实业,13.81,14.31,13.39,14.04,13.96,-0.15,-1.0745,8.5257,62959458,871660053.0,10198270700.0,10198270700.0
1278,2012-05-03,sh601002,晋亿实业,13.84,14.05,13.5,13.67,13.81,0.03,0.2172,6.2834,46401179,640164135.0,10220424800.0,10220424800.0
1279,2012-05-04,sh601002,晋亿实业,13.52,13.93,13.41,13.71,13.84,-0.32,-2.3121,5.0255,37111915,506163164.0,9984114400.0,9984114400.0
1280,2012-05-07,sh601002,晋亿实业,13.49,13.78,13.22,13.38,13.52,-0.03,-0.2219,5.0064,36970850,498637556.0,9961960300.0,9961960300.0
1281,2012-05-08,sh601002,晋亿实业,13.49,13.97,13.4,13.56,13.49,0.0,0.0,6.3977,47244890,645726373.0,9961960300.0,9961960300.0
1282,2012-05-09,sh601002,晋亿实业,12.35,13.2,12.32,13.2,13.49,-1.14,-8.4507,7.1887,53086205,670853232.0,9120104500.0,9120104500.0
1283,2012-05-10,sh601002,晋亿实业,12.44,12.54,12.24,12.35,12.35,0.09,0.7287,3.5646,26323863,326832869.0,9186566800.0,9186566800.0
1284,2012-05-11,sh601002,晋亿实业,12.47,12.63,12.31,12.54,12.44,0.03,0.2412,3.3469,24715808,308418632.0,9208720900.0,9208720900.0
1285,2012-05-14,sh601002,晋亿实业,12.43,12.94,12.39,12.58,12.47,-0.04,-0.3208,5.9215,43728216,556361293.0,9179182100.0,9179182100.0
1286,2012-05-15,sh601002,晋亿实业,12.13,12.27,11.89,12.06,12.43,-0.3,-2.4135,3.5392,26136239,315219196.0,8957641100.0,8957641100.0
1287,2012-05-16,sh601002,晋亿实业,12.11,12.29,12.02,12.05,12.13,-0.02,-0.1649,2.3981,17709591,215228994.0,8942871700.0,8942871700.0
1288,2012-05-17,sh601002,晋亿实业,12.46,12.66,12.1,12.15,12.11,0.35,2.8902,4.3581,32183196,400023353.0,9201336200.0,9201336200.0
1289,2012-05-18,sh601002,晋亿实业,11.79,12.32,11.71,12.25,12.46,-0.67,-5.3772,3.9683,29304703,350241947.0,8706561300.0,8706561300.0
1290,2012-05-21,sh601002,晋亿实业,12.55,12.97,12.4,12.4,11.79,0.76,6.4461,8.3522,61678186,784923695.0,9267798500.0,9267798500.0
1291,2012-05-22,sh601002,晋亿实业,12.39,12.46,12.0,12.22,12.55,-0.16,-1.2749,4.0044,29571162,362823302.0,9149643300.0,9149643300.0
1292,2012-05-23,sh601002,晋亿实业,12.43,12.56,12.14,12.31,12.39,0.04,0.3228,3.0915,22829499,282286195.0,9179182100.0,9179182100.0
1293,2012-05-24,sh601002,晋亿实业,12.44,13.27,12.42,12.8,12.43,0.01,0.0805,5.5562,41030651,527014863.0,9186566800.0,9186566800.0
1294,2012-05-25,sh601002,晋亿实业,13.43,13.67,12.15,12.25,12.44,0.99,7.9582,9.83,72591331,954446530.0,9917652100.0,9917652100.0
1295,2012-05-28,sh601002,晋亿实业,14.21,14.49,13.01,13.3,13.43,0.78,5.8079,9.3422,68989166,955890244.0,10493658700.0,10493658700.0
1296,2012-05-29,sh601002,晋亿实业,13.92,14.98,13.63,14.11,14.21,-0.29,-2.0408,8.4113,62114717,876509961.0,10279502400.0,10279502400.0
1297,2012-05-30,sh601002,晋亿实业,13.83,14.22,13.58,13.69,13.92,-0.09,-0.6466,4.5988,33960763,470596508.0,10213040100.0,10213040100.0
1298,2012-05-31,sh601002,晋亿实业,13.31,13.76,13.26,13.66,13.83,-0.52,-3.7599,3.8678,28562282,383938819.0,9829035700.0,9829035700.0
1299,2012-06-01,sh601002,晋亿实业,13.23,13.49,13.16,13.24,13.31,-0.08,-0.6011,2.5076,18518166,246556228.0,9769958100.0,9769958100.0
1300,2012-06-04,sh601002,晋亿实业,13.0,13.6,12.97,13.18,13.23,-0.23,-1.7385,3.0522,22539262,298969207.0,9600110000.0,9600110000.0
1301,2012-06-05,sh601002,晋亿实业,13.21,13.59,13.14,13.28,13.0,0.21,1.6154,3.5096,25917141,345762066.0,9755188700.0,9755188700.0
1302,2012-06-06,sh601002,晋亿实业,12.42,13.28,12.23,13.04,13.21,-0.79,-5.9803,4.1114,30361105,383969955.0,9171797400.0,9171797400.0
1303,2012-06-07,sh601002,晋亿实业,12.01,12.58,11.96,12.53,12.42,-0.41,-3.3011,2.7431,20256708,247891975.0,8869024700.0,8869024700.0
1304,2012-06-08,sh601002,晋亿实业,12.04,12.39,11.99,12.18,12.01,0.03,0.2498,1.8746,13843167,168264107.0,8891178800.0,8891178800.0
1305,2012-06-11,sh601002,晋亿实业,12.16,12.2,11.88,12.03,12.04,0.12,0.9967,1.7348,12811056,154699653.0,8979795200.0,8979795200.0
1306,2012-06-12,sh601002,晋亿实业,11.9,12.08,11.73,12.07,12.16,-0.26,-2.1382,1.5147,11185697,133245677.0,8787793000.0,8787793000.0
1307,2012-06-13,sh601002,晋亿实业,12.2,12.3,11.78,11.91,11.9,0.3,2.521,2.3227,17152610,207175312.0,9009334000.0,9009334000.0
1308,2012-06-14,sh601002,晋亿实业,11.85,12.18,11.81,12.14,12.2,-0.35,-2.8689,1.7086,12617377,151418294.0,8750869500.0,8750869500.0
1309,2012-06-15,sh601002,晋亿实业,11.72,11.97,11.46,11.9,11.85,-0.13,-1.097,1.7252,12740409,149728647.0,8654868400.0,8654868400.0
1310,2012-06-18,sh601002,晋亿实业,11.84,11.97,11.78,11.79,11.72,0.12,1.0239,1.4981,11062942,131102217.0,8743484800.0,8743484800.0
1311,2012-06-19,sh601002,晋亿实业,12.16,12.57,11.64,11.85,11.84,0.32,2.7027,3.1301,23114862,280515639.0,8979795200.0,8979795200.0
1312,2012-06-20,sh601002,晋亿实业,12.0,12.26,11.94,12.14,12.16,-0.16,-1.3158,1.6852,12444657,150460889.0,8861640000.0,8861640000.0
1313,2012-06-21,sh601002,晋亿实业,12.05,12.17,11.62,12.0,12.0,0.05,0.4167,1.855,13698255,162819475.0,8898563500.0,8898563500.0
1314,2012-06-25,sh601002,晋亿实业,11.66,12.14,11.64,11.95,12.05,-0.39,-3.2365,1.8211,13448002,160953829.0,8610560200.0,8610560200.0
1315,2012-06-26,sh601002,晋亿实业,11.19,11.45,10.97,11.43,11.66,-0.47,-4.0309,2.1554,15916657,178030580.0,8263479300.0,8263479300.0
1316,2012-06-27,sh601002,晋亿实业,10.78,11.25,10.76,11.15,11.19,-0.41,-3.664,1.8635,13761074,151395633.0,7960706600.0,7960706600.0
1317,2012-06-28,sh601002,晋亿实业,10.79,10.97,10.56,10.73,10.78,0.01,0.0928,2.2774,16818201,180489908.0,7968091300.0,7968091300.0
1318,2012-06-29,sh601002,晋亿实业,10.7,10.77,10.4,10.7,10.79,-0.09,-0.8341,1.9456,14367787,152587609.0,7901629000.0,7901629000.0
1319,2012-07-02,sh601002,晋亿实业,10.75,10.9,10.65,10.82,10.7,0.05,0.4673,1.4969,11054229,118885632.0,7938552500.0,7938552500.0
1320,2012-07-03,sh601002,晋亿实业,10.64,10.95,10.62,10.75,10.75,-0.11,-1.0233,1.3391,9889189,106694548.0,7857320800.0,7857320800.0
1321,2012-07-04,sh601002,晋亿实业,10.18,10.73,10.17,10.65,10.64,-0.46,-4.3233,1.9433,14350317,148612802.0,7517624600.0,7517624600.0
1322,2012-07-05,sh601002,晋亿实业,10.02,10.26,9.84,10.08,10.18,-0.16,-1.5717,1.6374,12091903,121182862.0,7399469400.0,7399469400.0
1323,2012-07-06,sh601002,晋亿实业,10.28,10.33,9.91,10.08,10.02,0.26,2.5948,1.6416,12122696,122684524.0,7591471600.0,7591471600.0
1324,2012-07-09,sh601002,晋亿实业,10.0,10.4,9.97,10.2,10.28,-0.28,-2.7237,1.7547,12957882,131738066.0,7384700000.0,7384700000.0
1325,2012-07-10,sh601002,晋亿实业,9.74,10.06,9.66,10.0,10.0,-0.26,-2.6,1.2881,9512384,93265323.0,7192697800.0,7192697800.0
1326,2012-07-11,sh601002,晋亿实业,10.55,10.62,10.1,10.11,9.74,0.81,8.3162,4.148,30631501,317975636.0,7790858500.0,7790858500.0
1327,2012-07-12,sh601002,晋亿实业,10.62,10.75,10.26,10.4,10.55,0.07,0.6635,2.9859,22050221,231342170.0,7842551400.0,7842551400.0
1328,2012-07-13,sh601002,晋亿实业,10.95,11.31,10.4,10.55,10.62,0.33,3.1073,3.923,28969949,316664651.0,8086246500.0,8086246500.0
1329,2012-07-16,sh601002,晋亿实业,11.0,11.3,10.69,10.84,10.95,0.05,0.4566,3.5827,26456804,290543774.0,8123170000.0,8123170000.0
1330,2012-07-17,sh601002,晋亿实业,10.82,10.96,10.51,10.9,11.0,-0.18,-1.6364,1.7902,13220006,142610385.0,7990245400.0,7990245400.0
1331,2012-07-18,sh601002,晋亿实业,11.17,11.19,10.56,10.79,10.82,0.35,3.2348,2.9323,21654343,237055589.0,8248709900.0,8248709900.0
1332,2012-07-19,sh601002,晋亿实业,10.99,11.47,10.84,10.92,11.17,-0.18,-1.6115,3.8021,28077651,312243464.0,8115785300.0,8115785300.0
1333,2012-07-20,sh601002,晋亿实业,10.79,11.19,10.75,10.81,10.99,-0.2,-1.8198,2.2674,16743992,183205540.0,7968091300.0,7968091300.0
1334,2012-07-23,sh601002,晋亿实业,10.1,10.66,10.07,10.66,10.79,-0.69,-6.3948,2.1761,16069712,164848489.0,7458547000.0,7458547000.0
1335,2012-07-24,sh601002,晋亿实业,10.22,10.3,9.87,10.0,10.1,0.12,1.1881,1.1678,8623947,87495933.0,7547163400.0,7547163400.0
1336,2012-07-25,sh601002,晋亿实业,10.2,10.47,10.15,10.3,10.22,-0.02,-0.1957,1.2927,9546519,98431371.0,7532394000.0,7532394000.0
1337,2012-07-26,sh601002,晋亿实业,9.94,10.25,9.93,10.1,10.2,-0.26,-2.549,1.2131,8958249,90181882.0,7340391800.0,7340391800.0
1338,2012-07-27,sh601002,晋亿实业,10.03,10.2,9.96,9.96,9.94,0.09,0.9054,0.892,6587484,66262612.0,7406854100.0,7406854100.0
1339,2012-07-30,sh601002,晋亿实业,10.07,10.19,9.95,10.03,10.03,0.04,0.3988,0.9893,7305424,73601523.0,7436392900.0,7436392900.0
1340,2012-07-31,sh601002,晋亿实业,10.4,10.69,10.17,10.17,10.07,0.33,3.2771,2.3576,17409839,181831353.0,7680088000.0,7680088000.0
1341,2012-08-01,sh601002,晋亿实业,10.8,11.21,10.15,10.2,10.4,0.4,3.8462,2.6546,19603216,210530320.0,7975476000.0,7975476000.0
1342,2012-08-02,sh601002,晋亿实业,10.67,11.03,10.54,10.74,10.8,-0.13,-1.2037,1.7167,12677275,136129518.0,7879474900.0,7879474900.0
1343,2012-08-03,sh601002,晋亿实业,10.79,10.88,10.55,10.76,10.67,0.12,1.1246,1.3688,10108423,108256123.0,7968091300.0,7968091300.0
1344,2012-08-06,sh601002,晋亿实业,10.91,10.99,10.66,10.74,10.79,0.12,1.1121,1.7007,12559155,135966104.0,8056707700.0,8056707700.0
1345,2012-08-07,sh601002,晋亿实业,10.81,10.95,10.7,10.9,10.91,-0.1,-0.9166,1.4622,10798061,116763168.0,7982860700.0,7982860700.0
1346,2012-08-08,sh601002,晋亿实业,11.15,11.37,10.6,10.81,10.81,0.34,3.1452,2.7623,20398889,224638547.0,8233940500.0,8233940500.0
1347,2012-08-09,sh601002,晋亿实业,11.0,11.2,10.85,11.05,11.15,-0.15,-1.3453,2.1263,15702453,172713966.0,8123170000.0,8123170000.0
1348,2012-08-10,sh601002,晋亿实业,10.77,11.17,10.74,11.17,11.0,-0.23,-2.0909,1.2301,9084061,99055318.0,7953321900.0,7953321900.0
1349,2012-08-13,sh601002,晋亿实业,10.29,10.75,10.28,10.75,10.77,-0.48,-4.4568,1.308,9659439,101506099.0,7598856300.0,7598856300.0
1350,2012-08-14,sh601002,晋亿实业,10.51,10.6,10.18,10.29,10.29,0.22,2.138,1.1934,8813058,91836194.0,7761319700.0,7761319700.0
1351,2012-08-15,sh601002,晋亿实业,10.24,10.49,10.22,10.47,10.51,-0.27,-2.569,0.7595,5608590,58042684.0,7561932800.0,7561932800.0
1352,2012-08-16,sh601002,晋亿实业,10.19,10.35,10.18,10.24,10.24,-0.05,-0.4883,0.6411,4734139,48465548.0,7525009300.0,7525009300.0
1353,2012-08-17,sh601002,晋亿实业,10.36,10.38,10.2,10.2,10.19,0.17,1.6683,0.7639,5641007,57982519.0,7650549200.0,7650549200.0
1354,2012-08-20,sh601002,晋亿实业,10.39,10.45,10.23,10.3,10.36,0.03,0.2896,0.8511,6285014,65055431.0,7672703300.0,7672703300.0
1355,2012-08-21,sh601002,晋亿实业,10.48,10.6,10.27,10.33,10.39,0.09,0.8662,0.9156,6761530,70720703.0,7739165600.0,7739165600.0
1356,2012-08-22,sh601002,晋亿实业,10.14,10.49,10.08,10.49,10.48,-0.34,-3.2443,1.1471,8471349,86793750.0,7488085800.0,7488085800.0
1357,2012-08-23,sh601002,晋亿实业,10.18,10.27,10.05,10.13,10.14,0.04,0.3945,0.623,4600490,46753694.0,7517624600.0,7517624600.0
1358,2012-08-24,sh601002,晋亿实业,9.87,10.17,9.84,10.14,10.18,-0.31,-3.0452,0.8697,6422241,64045206.0,7288698900.0,7288698900.0
1359,2012-08-27,sh601002,晋亿实业,9.38,9.86,9.2,9.86,9.87,-0.49,-4.9645,0.7448,5500161,52165330.0,6926848600.0,6926848600.0
1360,2012-08-28,sh601002,晋亿实业,9.43,9.49,9.31,9.38,9.38,0.05,0.533,0.5708,4215036,39668147.0,6963772100.0,6963772100.0
1361,2012-08-29,sh601002,晋亿实业,9.12,9.43,9.1,9.4,9.43,-0.31,-3.2874,0.7898,5832687,53904816.0,6734846400.0,6734846400.0
1362,2012-08-30,sh601002,晋亿实业,9.02,9.25,8.87,9.17,9.12,-0.1,-1.0965,0.6294,4647701,42221658.0,6660999400.0,6660999400.0
1363,2012-08-31,sh601002,晋亿实业,9.06,9.18,8.91,8.92,9.02,0.04,0.4435,0.4135,3053456,27614003.0,6690538200.0,6690538200.0
1364,2012-09-03,sh601002,晋亿实业,9.3,9.44,9.0,9.0,9.06,0.24,2.649,0.6785,5010519,46387309.0,6867771000.0,6867771000.0
1365,2012-09-04,sh601002,晋亿实业,9.08,9.41,9.03,9.32,9.3,-0.22,-2.3656,0.5833,4307826,39643222.0,6705307600.0,6705307600.0
1366,2012-09-05,sh601002,晋亿实业,9.48,9.5,9.02,9.06,9.08,0.4,4.4053,1.0558,7796471,72438035.0,7000695600.0,7000695600.0
1367,2012-09-06,sh601002,晋亿实业,10.39,10.43,9.98,9.98,9.48,0.91,9.5992,3.796,28032183,287860543.0,7672703300.0,7672703300.0
1368,2012-09-07,sh601002,晋亿实业,10.85,11.17,10.26,10.49,10.39,0.46,4.4273,4.1913,30951250,331616398.0,8012399500.0,8012399500.0
1369,2012-09-10,sh601002,晋亿实业,10.67,11.05,10.53,10.78,10.85,-0.18,-1.659,3.1845,23516487,253280709.0,7879474900.0,7879474900.0
1370,2012-09-11,sh601002,晋亿实业,10.54,10.8,10.42,10.68,10.67,-0.13,-1.2184,1.679,12398540,131188692.0,7783473800.0,7783473800.0
1371,2012-09-12,sh601002,晋亿实业,10.57,10.88,10.36,10.7,10.54,0.03,0.2846,1.7519,12936976,136879200.0,7805627900.0,7805627900.0
1372,2012-09-13,sh601002,晋亿实业,10.17,10.55,10.13,10.54,10.57,-0.4,-3.7843,1.3893,10259288,106207989.0,7510239900.0,7510239900.0
1373,2012-09-14,sh601002,晋亿实业,10.47,10.7,10.13,10.3,10.17,0.3,2.9499,2.1572,15930004,166134655.0,7731780900.0,7731780900.0
1374,2012-09-17,sh601002,晋亿实业,0.0,0.0,0.0,0.0,10.47,,,0.0,0,0.0,7731780900.0,7731780900.0
1375,2012-09-18,sh601002,晋亿实业,9.72,10.15,9.58,9.75,10.47,-0.75,-7.1633,2.0281,14976975,147135874.0,7177928400.0,7177928400.0
1376,2012-09-19,sh601002,晋亿实业,9.71,9.85,9.55,9.71,9.72,-0.01,-0.1029,0.9408,6947818,67473155.0,7170543700.0,7170543700.0
1377,2012-09-20,sh601002,晋亿实业,9.28,9.69,9.24,9.68,9.71,-0.43,-4.4284,0.9541,7045860,66296727.0,6853001600.0,6853001600.0
1378,2012-09-21,sh601002,晋亿实业,9.26,9.46,9.24,9.29,9.28,-0.02,-0.2155,0.7398,5463449,51073994.0,6838232200.0,6838232200.0
1379,2012-09-24,sh601002,晋亿实业,9.75,9.96,9.14,9.28,9.26,0.49,5.2916,1.7401,12850142,123777001.0,7200082500.0,7200082500.0
1380,2012-09-25,sh601002,晋亿实业,9.52,9.8,9.46,9.65,9.75,-0.23,-2.359,0.895,6609272,63460640.0,7030234400.0,7030234400.0
1381,2012-09-26,sh601002,晋亿实业,9.34,9.62,9.31,9.45,9.52,-0.18,-1.8908,0.758,5597886,53041245.0,6897309800.0,6897309800.0
1382,2012-09-27,sh601002,晋亿实业,9.51,9.66,9.29,9.35,9.34,0.17,1.8201,0.9973,7365117,70070110.0,7022849700.0,7022849700.0
1383,2012-09-28,sh601002,晋亿实业,9.79,9.8,9.5,9.54,9.51,0.28,2.9443,1.2053,8900533,86184681.0,7229621300.0,7229621300.0
1384,2012-10-08,sh601002,晋亿实业,9.61,9.91,9.55,9.82,9.79,-0.18,-1.8386,0.9176,6776425,65585945.0,7096696700.0,7096696700.0
1385,2012-10-09,sh601002,晋亿实业,9.97,10.16,9.73,9.73,9.61,0.36,3.7461,1.4519,10721799,106791870.0,7362545900.0,7362545900.0
1386,2012-10-10,sh601002,晋亿实业,10.09,10.23,9.8,9.99,9.97,0.12,1.2036,1.5754,11633818,116957494.0,7451162300.0,7451162300.0
1387,2012-10-11,sh601002,晋亿实业,10.02,10.36,10.0,10.25,10.09,-0.07,-0.6938,1.6462,12156343,123737016.0,7399469400.0,7399469400.0
1388,2012-10-12,sh601002,晋亿实业,9.93,10.28,9.73,10.05,10.02,-0.09,-0.8982,1.1016,8135351,81391547.0,7333007100.0,7333007100.0
1389,2012-10-15,sh601002,晋亿实业,9.81,10.05,9.7,10.05,9.93,-0.12,-1.2085,0.6096,4501484,43972482.0,7244390700.0,7244390700.0
1390,2012-10-16,sh601002,晋亿实业,9.75,9.89,9.73,9.75,9.81,-0.06,-0.6116,0.4998,3691141,36164069.0,7200082500.0,7200082500.0
1391,2012-10-17,sh601002,晋亿实业,9.81,9.87,9.65,9.83,9.75,0.06,0.6154,0.6258,4621341,45122216.0,7244390700.0,7244390700.0
1392,2012-10-18,sh601002,晋亿实业,9.96,10.0,9.77,9.77,9.81,0.15,1.5291,1.0101,7459525,74074683.0,7355161200.0,7355161200.0
1393,2012-10-19,sh601002,晋亿实业,9.79,10.04,9.77,9.98,9.96,-0.17,-1.7068,0.7788,5751008,56818556.0,7229621300.0,7229621300.0
1394,2012-10-22,sh601002,晋亿实业,9.82,9.88,9.72,9.84,9.79,0.03,0.3064,0.5154,3805717,37319716.0,7251775400.0,7251775400.0
1395,2012-10-23,sh601002,晋亿实业,10.05,10.38,9.9,9.9,9.82,0.23,2.3422,2.1954,16212559,165169966.0,7421623500.0,7421623500.0
1396,2012-10-24,sh601002,晋亿实业,10.16,10.21,9.86,10.0,10.05,0.11,1.0945,1.0837,8002866,80333599.0,7502855200.0,7502855200.0
1397,2012-10-25,sh601002,晋亿实业,9.86,10.14,9.86,10.14,10.16,-0.3,-2.9528,0.8012,5916584,59197511.0,7281314200.0,7281314200.0
1398,2012-10-26,sh601002,晋亿实业,9.58,9.92,9.5,9.87,9.86,-0.28,-2.8398,0.7946,5867824,56551603.0,7074542600.0,7074542600.0
1399,2012-10-29,sh601002,晋亿实业,9.38,9.56,9.32,9.55,9.58,-0.2,-2.0877,0.4835,3570843,33578898.0,6926848600.0,6926848600.0
1400,2012-10-30,sh601002,晋亿实业,9.43,9.54,9.36,9.36,9.38,0.05,0.533,0.3739,2761348,26070039.0,6963772100.0,6963772100.0
1401,2012-10-31,sh601002,晋亿实业,9.96,10.18,9.45,9.45,9.43,0.53,5.6204,1.8611,13743733,135807629.0,7355161200.0,7355161200.0
1402,2012-11-01,sh601002,晋亿实业,10.04,10.18,9.85,9.9,9.96,0.08,0.8032,1.6398,12109782,121954868.0,7414238800.0,7414238800.0
1403,2012-11-02,sh601002,晋亿实业,10.06,10.15,9.97,10.04,10.04,0.02,0.1992,0.9615,7100686,71560136.0,7429008200.0,7429008200.0
1404,2012-11-05,sh601002,晋亿实业,9.99,10.3,9.98,10.14,10.06,-0.07,-0.6958,1.0518,7767227,78725103.0,7377315300.0,7377315300.0
1405,2012-11-06,sh601002,晋亿实业,10.12,10.13,9.61,9.99,9.99,0.13,1.3013,1.1109,8203675,81159175.0,7473316400.0,7473316400.0
1406,2012-11-07,sh601002,晋亿实业,9.99,10.14,9.92,10.02,10.12,-0.13,-1.2846,0.6307,4657398,46761866.0,7377315300.0,7377315300.0
1407,2012-11-08,sh601002,晋亿实业,10.08,10.35,9.88,9.98,9.99,0.09,0.9009,2.3074,17039765,173933978.0,7443777600.0,7443777600.0
1408,2012-11-09,sh601002,晋亿实业,10.42,10.93,9.9,9.97,10.08,0.34,3.373,3.4939,25801540,269162626.0,7694857400.0,7694857400.0
1409,2012-11-12,sh601002,晋亿实业,10.75,10.8,10.28,10.45,10.42,0.33,3.167,3.1774,23463916,249185927.0,7938552500.0,7938552500.0
1410,2012-11-13,sh601002,晋亿实业,10.72,11.1,10.45,10.6,10.75,-0.03,-0.2791,3.8031,28085056,304534510.0,7916398400.0,7916398400.0
1411,2012-11-14,sh601002,晋亿实业,10.58,11.08,10.34,10.72,10.72,-0.14,-1.306,2.6964,19912016,212062868.0,7813012600.0,7813012600.0
1412,2012-11-15,sh601002,晋亿实业,10.74,10.96,10.33,10.4,10.58,0.16,1.5123,2.3447,17314700,184398477.0,7931167800.0,7931167800.0
1413,2012-11-16,sh601002,晋亿实业,11.02,11.13,10.73,10.75,10.74,0.28,2.6071,4.1262,30471025,333749819.0,8137939400.0,8137939400.0
1414,2012-11-19,sh601002,晋亿实业,10.77,11.17,10.56,11.11,11.02,-0.25,-2.2686,2.9398,21709356,235020905.0,7953321900.0,7953321900.0
1415,2012-11-20,sh601002,晋亿实业,10.26,10.84,10.24,10.79,10.77,-0.51,-4.7354,2.1737,16052136,168293486.0,7576702200.0,7576702200.0
1416,2012-11-21,sh601002,晋亿实业,10.44,10.46,10.13,10.27,10.26,0.18,1.7544,1.5564,11493246,118509055.0,7709626800.0,7709626800.0
1417,2012-11-22,sh601002,晋亿实业,10.07,10.35,10.02,10.35,10.44,-0.37,-3.5441,1.4581,10767958,109035031.0,7436392900.0,7436392900.0
1418,2012-11-23,sh601002,晋亿实业,10.06,10.2,10.0,10.06,10.07,-0.01,-0.0993,1.1345,8377873,84521569.0,7429008200.0,7429008200.0
1419,2012-11-26,sh601002,晋亿实业,10.1,10.18,9.96,10.06,10.06,0.04,0.3976,0.9164,6767363,68226674.0,7458547000.0,7458547000.0
1420,2012-11-27,sh601002,晋亿实业,10.09,10.41,9.97,10.2,10.1,-0.01,-0.099,1.9862,14667804,150516139.0,7451162300.0,7451162300.0
1421,2012-11-28,sh601002,晋亿实业,9.46,9.95,9.4,9.95,10.09,-0.63,-6.2438,1.4778,10912849,104360964.0,6985926200.0,6985926200.0
1422,2012-11-29,sh601002,晋亿实业,9.33,9.66,9.27,9.5,9.46,-0.13,-1.3742,1.1105,8200382,77836174.0,6889925100.0,6889925100.0
1423,2012-11-30,sh601002,晋亿实业,9.59,9.6,9.28,9.3,9.33,0.26,2.7867,1.008,7443954,70635029.0,7081927300.0,7081927300.0
1424,2012-12-03,sh601002,晋亿实业,9.43,9.7,9.41,9.59,9.59,-0.16,-1.6684,0.7555,5579452,53278801.0,6963772100.0,6963772100.0
1425,2012-12-04,sh601002,晋亿实业,9.62,9.64,9.35,9.41,9.43,0.19,2.0148,0.9231,6816558,64991802.0,7104081400.0,7104081400.0
1426,2012-12-05,sh601002,晋亿实业,9.99,10.1,9.55,9.58,9.62,0.37,3.8462,2.1412,15812097,156504808.0,7377315300.0,7377315300.0
1427,2012-12-06,sh601002,晋亿实业,9.85,10.07,9.82,9.99,9.99,-0.14,-1.4014,1.1072,8176639,81022296.0,7273929500.0,7273929500.0
1428,2012-12-07,sh601002,晋亿实业,9.98,10.06,9.83,9.87,9.85,0.13,1.3198,1.4318,10573087,105315344.0,7369930600.0,7369930600.0
1429,2012-12-10,sh601002,晋亿实业,10.24,10.31,9.91,10.0,9.98,0.26,2.6052,1.9824,14639601,149410837.0,7561932800.0,7561932800.0
1430,2012-12-11,sh601002,晋亿实业,10.0,10.2,9.98,10.2,10.24,-0.24,-2.3438,1.354,9998932,100416751.0,7384700000.0,7384700000.0
1431,2012-12-12,sh601002,晋亿实业,10.16,10.3,10.01,10.08,10.0,0.16,1.6,1.4082,10399308,105610160.0,7502855200.0,7502855200.0
1432,2012-12-13,sh601002,晋亿实业,9.84,10.14,9.83,10.06,10.16,-0.32,-3.1496,1.1181,8256556,82404343.0,7266544800.0,7266544800.0
1433,2012-12-14,sh601002,晋亿实业,10.26,10.27,9.77,9.82,9.84,0.42,4.2683,1.9605,14477441,146682403.0,7576702200.0,7576702200.0
1434,2012-12-17,sh601002,晋亿实业,10.37,10.48,10.2,10.3,10.26,0.11,1.0721,2.0638,15240575,157648863.0,7657933900.0,7657933900.0
1435,2012-12-18,sh601002,晋亿实业,10.25,10.58,10.14,10.3,10.37,-0.12,-1.1572,2.0586,15202426,157627428.0,7569317500.0,7569317500.0
1436,2012-12-19,sh601002,晋亿实业,10.15,10.23,10.01,10.22,10.25,-0.1,-0.9756,1.2907,9531421,96448033.0,7495470500.0,7495470500.0
1437,2012-12-20,sh601002,晋亿实业,10.21,10.3,10.03,10.1,10.15,0.06,0.5911,1.1853,8753165,88954739.0,7539778700.0,7539778700.0
1438,2012-12-21,sh601002,晋亿实业,10.33,10.58,10.23,10.23,10.21,0.12,1.1753,2.4602,18167790,189003855.0,7628395100.0,7628395100.0
1439,2012-12-24,sh601002,晋亿实业,10.12,10.36,10.05,10.31,10.33,-0.21,-2.0329,1.6524,12202209,123982106.0,7473316400.0,7473316400.0
1440,2012-12-25,sh601002,晋亿实业,10.42,10.49,10.02,10.08,10.12,0.3,2.9644,2.4568,18142854,186705355.0,7694857400.0,7694857400.0
1441,2012-12-26,sh601002,晋亿实业,10.48,10.54,10.35,10.38,10.42,0.06,0.5758,2.0865,15408189,160594300.0,7739165600.0,7739165600.0
1442,2012-12-27,sh601002,晋亿实业,10.42,10.85,10.41,10.48,10.48,-0.06,-0.5725,3.183,23505634,250358230.0,7694857400.0,7694857400.0
1443,2012-12-28,sh601002,晋亿实业,10.34,10.39,10.19,10.31,10.42,-0.08,-0.7678,1.8874,13937642,143232207.0,7635779800.0,7635779800.0
1444,2012-12-31,sh601002,晋亿实业,10.29,10.39,10.2,10.33,10.34,-0.05,-0.4836,1.366,10087839,103775137.0,7598856300.0,7598856300.0
1445,2013-01-04,sh601002,晋亿实业,10.73,10.85,10.3,10.39,10.29,0.44,4.276,3.9106,28878771,307798190.0,7923783100.0,7923783100.0
1446,2013-01-07,sh601002,晋亿实业,10.71,10.75,10.56,10.64,10.73,-0.02,-0.1864,2.1158,15624827,166351033.0,7909013700.0,7909013700.0
1447,2013-01-08,sh601002,晋亿实业,10.61,10.7,10.46,10.68,10.71,-0.1,-0.9337,1.8293,13508654,142356082.0,7835166700.0,7835166700.0
1448,2013-01-09,sh601002,晋亿实业,10.49,10.65,10.37,10.57,10.61,-0.12,-1.131,1.7316,12787214,134469662.0,7746550300.0,7746550300.0
1449,2013-01-10,sh601002,晋亿实业,10.54,10.64,10.37,10.46,10.49,0.05,0.4766,1.5891,11734768,123207959.0,7783473800.0,7783473800.0
1450,2013-01-11,sh601002,晋亿实业,10.43,10.67,10.41,10.53,10.54,-0.11,-1.0436,2.2171,16372468,172472876.0,7702242100.0,7702242100.0
1451,2013-01-14,sh601002,晋亿实业,10.7,10.8,10.37,10.4,10.43,0.27,2.5887,2.8006,20681325,219496436.0,7901629000.0,7901629000.0
1452,2013-01-15,sh601002,晋亿实业,11.77,11.77,10.6,10.72,10.7,1.07,10.0,5.5633,41083355,460091868.0,8691791900.0,8691791900.0
1453,2013-01-16,sh601002,晋亿实业,11.62,12.3,11.48,12.07,11.77,-0.15,-1.2744,6.5144,48107157,570700497.0,8581021400.0,8581021400.0
1454,2013-01-17,sh601002,晋亿实业,11.5,11.9,11.34,11.45,11.62,-0.12,-1.0327,2.9428,21731434,252223469.0,8492405000.0,8492405000.0
1455,2013-01-18,sh601002,晋亿实业,11.57,11.79,11.41,11.75,11.5,0.07,0.6087,2.2932,16934646,195841895.0,8544097900.0,8544097900.0
1456,2013-01-21,sh601002,晋亿实业,11.47,11.62,11.32,11.59,11.57,-0.1,-0.8643,1.9587,14464728,165214492.0,8470250900.0,8470250900.0
1457,2013-01-22,sh601002,晋亿实业,11.2,11.53,11.13,11.5,11.47,-0.27,-2.354,1.7841,13175063,148874946.0,8270864000.0,8270864000.0
1458,2013-01-23,sh601002,晋亿实业,11.35,11.59,11.06,11.16,11.2,0.15,1.3393,1.8019,13306148,150666294.0,8381634500.0,8381634500.0
1459,2013-01-24,sh601002,晋亿实业,10.86,11.45,10.75,11.3,11.35,-0.49,-4.3172,2.2894,16906165,187680964.0,8019784200.0,8019784200.0
1460,2013-01-25,sh601002,晋亿实业,10.72,10.97,10.67,10.83,10.86,-0.14,-1.2891,1.2461,9202036,99315378.0,7916398400.0,7916398400.0
1461,2013-01-28,sh601002,晋亿实业,11.03,11.04,10.76,10.77,10.72,0.31,2.8918,1.3712,10125613,110587608.0,8145324100.0,8145324100.0
1462,2013-01-29,sh601002,晋亿实业,11.15,11.39,10.96,11.06,11.03,0.12,1.0879,1.7574,12978188,145554442.0,8233940500.0,8233940500.0
1463,2013-01-30,sh601002,晋亿实业,10.89,11.16,10.76,11.04,11.15,-0.26,-2.3318,2.2724,16780712,182931037.0,8041938300.0,8041938300.0
1464,2013-01-31,sh601002,晋亿实业,10.95,10.98,10.75,10.81,10.89,0.06,0.551,1.2663,9351064,101822965.0,8086246500.0,8086246500.0
1465,2013-02-01,sh601002,晋亿实业,11.01,11.06,10.83,10.93,10.95,0.06,0.5479,1.1027,8143228,89248810.0,8130554700.0,8130554700.0
1466,2013-02-04,sh601002,晋亿实业,10.98,11.34,10.93,11.03,11.01,-0.03,-0.2725,1.6808,12412006,138046576.0,8108400600.0,8108400600.0
1467,2013-02-05,sh601002,晋亿实业,11.37,11.5,10.76,10.81,10.98,0.39,3.5519,2.9238,21591479,243268952.0,8396403900.0,8396403900.0
1468,2013-02-06,sh601002,晋亿实业,11.17,11.35,11.12,11.25,11.37,-0.2,-1.759,1.4032,10362221,116086481.0,8248709900.0,8248709900.0
1469,2013-02-07,sh601002,晋亿实业,11.2,11.36,11.15,11.2,11.17,0.03,0.2686,1.0972,8102740,91174364.0,8270864000.0,8270864000.0
1470,2013-02-08,sh601002,晋亿实业,11.31,11.35,11.2,11.22,11.2,0.11,0.9821,0.9035,6671974,75325765.0,8352095700.0,8352095700.0
1471,2013-02-18,sh601002,晋亿实业,11.39,11.5,11.25,11.32,11.31,0.08,0.7073,1.3129,9695078,110457963.0,8411173300.0,8411173300.0
1472,2013-02-19,sh601002,晋亿实业,11.04,11.58,11.01,11.39,11.39,-0.35,-3.0729,1.7508,12928815,146120778.0,8152708800.0,8152708800.0
1473,2013-02-20,sh601002,晋亿实业,11.08,11.2,10.84,11.08,11.04,0.04,0.3623,1.2343,9114669,100361239.0,8182247600.0,8182247600.0
1474,2013-02-21,sh601002,晋亿实业,10.64,11.0,10.6,10.92,11.08,-0.44,-3.9711,1.7166,12676784,136164840.0,7857320800.0,7857320800.0
1475,2013-02-22,sh601002,晋亿实业,10.56,10.82,10.48,10.62,10.64,-0.08,-0.7519,1.0257,7574448,80782653.0,7798243200.0,7798243200.0
1476,2013-02-25,sh601002,晋亿实业,10.71,10.79,10.63,10.71,10.56,0.15,1.4205,0.8511,6284998,67335862.0,7909013700.0,7909013700.0
1477,2013-02-26,sh601002,晋亿实业,10.44,10.68,10.41,10.65,10.71,-0.27,-2.521,0.9575,7070987,74582074.0,7709626800.0,7709626800.0
1478,2013-02-27,sh601002,晋亿实业,10.45,10.54,10.33,10.48,10.44,0.01,0.0958,0.8706,6429188,66977986.0,7717011500.0,7717011500.0
1479,2013-02-28,sh601002,晋亿实业,10.68,10.68,10.41,10.51,10.45,0.23,2.201,0.9882,7297290,77114248.0,7886859600.0,7886859600.0
1480,2013-03-01,sh601002,晋亿实业,10.59,10.74,10.48,10.7,10.68,-0.09,-0.8427,0.9998,7383556,78174998.0,7820397300.0,7820397300.0
1481,2013-03-04,sh601002,晋亿实业,10.01,10.5,9.9,10.5,10.59,-0.58,-5.4769,1.351,9976626,101239179.0,7392084700.0,7392084700.0
1482,2013-03-05,sh601002,晋亿实业,10.14,10.17,10.0,10.04,10.01,0.13,1.2987,0.8186,6045292,61072982.0,7488085800.0,7488085800.0
1483,2013-03-06,sh601002,晋亿实业,10.19,10.26,10.09,10.18,10.14,0.05,0.4931,0.9145,6753346,68752577.0,7525009300.0,7525009300.0
1484,2013-03-07,sh601002,晋亿实业,10.28,10.58,10.13,10.2,10.19,0.09,0.8832,1.5368,11348855,117766653.0,7591471600.0,7591471600.0
1485,2013-03-08,sh601002,晋亿实业,10.55,10.77,10.22,10.26,10.28,0.27,2.6265,1.8812,13891956,146633790.0,7790858500.0,7790858500.0
1486,2013-03-11,sh601002,晋亿实业,10.47,10.78,10.4,10.55,10.55,-0.08,-0.7583,1.3547,10003784,105917884.0,7731780900.0,7731780900.0
1487,2013-03-12,sh601002,晋亿实业,10.13,10.53,9.97,10.41,10.47,-0.34,-3.2474,1.1951,8825744,90151280.0,7480701100.0,7480701100.0
1488,2013-03-13,sh601002,晋亿实业,10.06,10.19,9.97,10.16,10.13,-0.07,-0.691,0.6986,5159315,51790514.0,7429008200.0,7429008200.0
1489,2013-03-14,sh601002,晋亿实业,10.08,10.15,10.0,10.03,10.06,0.02,0.1988,0.4779,3528909,35531460.0,7443777600.0,7443777600.0
1490,2013-03-15,sh601002,晋亿实业,10.1,10.24,10.03,10.08,10.08,0.02,0.1984,0.6888,5086711,51601135.0,7458547000.0,7458547000.0
1491,2013-03-18,sh601002,晋亿实业,9.94,10.17,9.92,10.11,10.1,-0.16,-1.5842,0.5639,4164459,41762594.0,7340391800.0,7340391800.0
1492,2013-03-19,sh601002,晋亿实业,10.0,10.06,9.83,9.93,9.94,0.06,0.6036,0.5134,3791415,37779636.0,7384700000.0,7384700000.0
1493,2013-03-20,sh601002,晋亿实业,10.19,10.19,9.97,9.99,10.0,0.19,1.9,0.8276,6111395,61697439.0,7525009300.0,7525009300.0
1494,2013-03-21,sh601002,晋亿实业,10.48,10.65,10.11,10.28,10.19,0.29,2.8459,1.6974,12534443,130850642.0,7739165600.0,7739165600.0
1495,2013-03-22,sh601002,晋亿实业,10.29,10.43,10.24,10.43,10.48,-0.19,-1.813,0.8716,6436608,66326890.0,7598856300.0,7598856300.0
1496,2013-03-25,sh601002,晋亿实业,10.18,10.36,10.15,10.29,10.29,-0.11,-1.069,0.6076,4486853,45835527.0,7517624600.0,7517624600.0
1497,2013-03-26,sh601002,晋亿实业,10.04,10.18,9.99,10.09,10.18,-0.14,-1.3752,0.5921,4372531,43929722.0,7414238800.0,7414238800.0
1498,2013-03-27,sh601002,晋亿实业,10.05,10.14,9.98,9.98,10.04,0.01,0.0996,0.4709,3477263,34940172.0,7421623500.0,7421623500.0
1499,2013-03-28,sh601002,晋亿实业,9.58,9.99,9.57,9.99,10.05,-0.47,-4.6766,0.8276,6111422,59562354.0,7074542600.0,7074542600.0
1500,2013-03-29,sh601002,晋亿实业,9.44,9.68,9.43,9.56,9.58,-0.14,-1.4614,0.5614,4145856,39664156.0,6971156800.0,6971156800.0
1501,2013-04-01,sh601002,晋亿实业,9.53,9.57,9.41,9.41,9.44,0.09,0.9534,0.4546,3357162,31876239.0,7037619100.0,7037619100.0
1502,2013-04-02,sh601002,晋亿实业,9.5,9.59,9.44,9.53,9.53,-0.03,-0.3148,0.3987,2944032,27992212.0,7015465000.0,7015465000.0
1503,2013-04-03,sh601002,晋亿实业,9.49,9.55,9.42,9.51,9.5,-0.01,-0.1053,0.3498,2583313,24499000.0,7008080300.0,7008080300.0
1504,2013-04-08,sh601002,晋亿实业,9.31,9.34,9.19,9.33,9.49,-0.18,-1.8967,0.5235,3865606,35804470.0,6875155700.0,6875155700.0
1505,2013-04-09,sh601002,晋亿实业,9.52,9.57,9.31,9.33,9.31,0.21,2.2556,0.5311,3922192,37103694.0,7030234400.0,7030234400.0
1506,2013-04-10,sh601002,晋亿实业,9.68,9.79,9.55,9.7,9.52,0.16,1.6807,0.9339,6896323,66613274.0,7148389600.0,7148389600.0
1507,2013-04-11,sh601002,晋亿实业,9.54,9.86,9.52,9.77,9.68,-0.14,-1.4463,0.5957,4399242,42372432.0,7045003800.0,7045003800.0
1508,2013-04-12,sh601002,晋亿实业,9.44,9.61,9.41,9.54,9.54,-0.1,-1.0482,0.3439,2539749,24108986.0,6971156800.0,6971156800.0
1509,2013-04-15,sh601002,晋亿实业,9.32,9.41,9.23,9.41,9.44,-0.12,-1.2712,0.3987,2944035,27361973.0,6882540400.0,6882540400.0
1510,2013-04-16,sh601002,晋亿实业,9.46,9.46,9.13,9.28,9.32,0.14,1.5021,0.3873,2860462,26803566.0,6985926200.0,6985926200.0
1511,2013-04-17,sh601002,晋亿实业,9.41,9.49,9.33,9.4,9.46,-0.05,-0.5285,0.288,2126700,20018405.0,6949002700.0,6949002700.0
1512,2013-04-18,sh601002,晋亿实业,9.34,9.45,9.25,9.39,9.41,-0.07,-0.7439,0.2844,2099869,19635550.0,6897309800.0,6897309800.0
1513,2013-04-19,sh601002,晋亿实业,9.54,9.59,9.34,9.34,9.34,0.2,2.1413,0.5852,4321557,41073181.0,7045003800.0,7045003800.0
1514,2013-04-22,sh601002,晋亿实业,9.57,9.57,9.41,9.45,9.54,0.03,0.3145,0.4958,3661364,34702727.0,7067157900.0,7067157900.0
1515,2013-04-23,sh601002,晋亿实业,9.22,9.59,9.2,9.58,9.57,-0.35,-3.6573,0.5262,3885500,36352550.0,6808693400.0,6808693400.0
1516,2013-04-24,sh601002,晋亿实业,9.33,9.37,9.22,9.24,9.22,0.11,1.1931,0.4233,3125841,29064295.0,6889925100.0,6889925100.0
1517,2013-04-25,sh601002,晋亿实业,8.99,9.3,8.96,9.27,9.33,-0.34,-3.6442,0.9662,7134972,64601280.0,6638845300.0,6638845300.0
1518,2013-04-26,sh601002,晋亿实业,8.74,9.07,8.73,8.9,8.99,-0.25,-2.7809,0.5213,3849573,34245726.0,6454227800.0,6454227800.0
1519,2013-05-02,sh601002,晋亿实业,8.77,8.86,8.71,8.74,8.74,0.03,0.3432,0.3531,2607232,22871308.0,6476381900.0,6476381900.0
1520,2013-05-03,sh601002,晋亿实业,8.88,8.96,8.77,8.77,8.77,0.11,1.2543,0.4454,3289284,29286137.0,6557613600.0,6557613600.0
1521,2013-05-06,sh601002,晋亿实业,9.0,9.09,8.87,8.9,8.88,0.12,1.3514,0.516,3810151,34276109.0,6646230000.0,6646230000.0
1522,2013-05-07,sh601002,晋亿实业,9.06,9.15,9.0,9.0,9.0,0.06,0.6667,0.5719,4223052,38244387.0,6690538200.0,6690538200.0
1523,2013-05-08,sh601002,晋亿实业,9.04,9.12,8.99,9.06,9.06,-0.02,-0.2208,0.5419,4001537,36172384.0,6675768800.0,6675768800.0
1524,2013-05-09,sh601002,晋亿实业,8.93,9.11,8.9,9.08,9.04,-0.11,-1.2168,0.6112,4513877,40597951.0,6594537100.0,6594537100.0
1525,2013-05-10,sh601002,晋亿实业,8.95,9.02,8.89,8.95,8.93,0.02,0.224,0.484,3574101,31967774.0,6609306500.0,6609306500.0
1526,2013-05-13,sh601002,晋亿实业,9.24,9.29,8.92,8.97,8.95,0.29,3.2402,1.3635,10069309,92624631.0,6823462800.0,6823462800.0
1527,2013-05-14,sh601002,晋亿实业,9.06,9.2,9.02,9.2,9.24,-0.18,-1.9481,0.5891,4350628,39566596.0,6690538200.0,6690538200.0
1528,2013-05-15,sh601002,晋亿实业,9.07,9.16,9.01,9.02,9.06,0.01,0.1104,0.3958,2923143,26504234.0,6697922900.0,6697922900.0
1529,2013-05-16,sh601002,晋亿实业,9.16,9.2,8.92,9.09,9.07,0.09,0.9923,0.8084,5969924,54325267.0,6764385200.0,6764385200.0
1530,2013-05-17,sh601002,晋亿实业,9.25,9.27,9.12,9.17,9.16,0.09,0.9825,0.982,7251428,66734500.0,6830847500.0,6830847500.0
1531,2013-05-20,sh601002,晋亿实业,9.29,9.33,9.23,9.29,9.25,0.04,0.4324,0.9494,7011322,65056361.0,6860386300.0,6860386300.0
1532,2013-05-21,sh601002,晋亿实业,9.41,9.44,9.21,9.27,9.29,0.12,1.2917,1.1965,8836035,82697410.0,6949002700.0,6949002700.0
1533,2013-05-22,sh601002,晋亿实业,9.5,9.67,9.33,9.39,9.41,0.09,0.9564,1.5607,11525479,109443780.0,7015465000.0,7015465000.0
1534,2013-05-23,sh601002,晋亿实业,9.69,9.77,9.4,9.45,9.5,0.19,2.0,2.0408,15070956,144877870.0,7155774300.0,7155774300.0
1535,2013-05-24,sh601002,晋亿实业,10.08,10.14,9.69,9.69,9.69,0.39,4.0248,3.5426,26160986,261711922.0,7443777600.0,7443777600.0
1536,2013-05-27,sh601002,晋亿实业,10.08,10.25,9.9,10.08,10.08,0.0,0.0,2.1563,15923766,160436591.0,7443777600.0,7443777600.0
1537,2013-05-28,sh601002,晋亿实业,10.08,10.22,9.91,10.15,10.08,0.0,0.0,1.4903,11005173,110425557.0,7443777600.0,7443777600.0
1538,2013-05-29,sh601002,晋亿实业,9.91,10.17,9.9,10.12,10.08,-0.17,-1.6865,1.6642,12289694,122729626.0,7318237700.0,7318237700.0
1539,2013-05-30,sh601002,晋亿实业,9.93,10.09,9.75,9.83,9.91,0.02,0.2018,1.4785,10917992,108227293.0,7333007100.0,7333007100.0
1540,2013-05-31,sh601002,晋亿实业,9.78,9.95,9.75,9.92,9.93,-0.15,-1.5106,1.0583,7815215,76883455.0,7222236600.0,7222236600.0
1541,2013-06-03,sh601002,晋亿实业,9.64,9.83,9.61,9.78,9.78,-0.14,-1.4315,0.9412,6950452,67301756.0,7118850800.0,7118850800.0
1542,2013-06-04,sh601002,晋亿实业,9.47,9.69,9.32,9.66,9.64,-0.17,-1.7635,0.9394,6936894,65772738.0,6993310900.0,6993310900.0
1543,2013-06-05,sh601002,晋亿实业,9.53,9.55,9.37,9.43,9.47,0.06,0.6336,0.6132,4527955,42788695.0,7037619100.0,7037619100.0
1544,2013-06-06,sh601002,晋亿实业,9.18,9.51,9.17,9.45,9.53,-0.35,-3.6726,0.8051,5945420,55455459.0,6779154600.0,6779154600.0
1545,2013-06-07,sh601002,晋亿实业,8.98,9.32,8.88,9.2,9.18,-0.2,-2.1786,0.8438,6231472,56580197.0,6631460600.0,6631460600.0
1546,2013-06-13,sh601002,晋亿实业,8.7,8.89,8.61,8.89,8.98,-0.28,-3.118,0.6676,4929951,42966158.0,6424689000.0,6424689000.0
1547,2013-06-14,sh601002,晋亿实业,8.8,8.82,8.7,8.73,8.7,0.1,1.1494,0.4779,3529307,30951292.0,6498536000.0,6498536000.0
1548,2013-06-17,sh601002,晋亿实业,9.01,9.3,8.69,8.86,8.8,0.21,2.3864,0.9265,6841600,61649442.0,6653614700.0,6653614700.0
1549,2013-06-18,sh601002,晋亿实业,9.05,9.15,8.93,8.93,9.01,0.04,0.444,0.4329,3197143,28875324.0,6683153500.0,6683153500.0
1550,2013-06-19,sh601002,晋亿实业,8.96,9.06,8.8,9.06,9.05,-0.09,-0.9945,0.4729,3492003,31154739.0,6616691200.0,6616691200.0
1551,2013-06-20,sh601002,晋亿实业,8.66,9.06,8.62,8.88,8.96,-0.3,-3.3482,0.5263,3886249,34370402.0,6395150200.0,6395150200.0
1552,2013-06-21,sh601002,晋亿实业,8.82,8.97,8.31,8.59,8.66,0.16,1.8476,0.7887,5824566,50837416.0,6513305400.0,6513305400.0
1553,2013-06-24,sh601002,晋亿实业,8.11,8.99,8.02,8.8,8.82,-0.71,-8.0499,0.6682,4934115,41730784.0,5988991700.0,5988991700.0
1554,2013-06-25,sh601002,晋亿实业,7.87,8.15,7.3,8.05,8.11,-0.24,-2.9593,0.9286,6857604,52738301.0,5811758900.0,5811758900.0
1555,2013-06-26,sh601002,晋亿实业,7.81,8.0,7.71,7.87,7.87,-0.06,-0.7624,0.5487,4051850,31734241.0,5767450700.0,5767450700.0
1556,2013-06-27,sh601002,晋亿实业,7.98,8.09,7.8,7.82,7.81,0.17,2.1767,1.0146,7492276,59654380.0,5892990600.0,5892990600.0
1557,2013-06-28,sh601002,晋亿实业,7.97,8.06,7.82,7.92,7.98,-0.01,-0.1253,0.7284,5379339,42824608.0,5885605900.0,5885605900.0
1558,2013-07-01,sh601002,晋亿实业,7.97,8.07,7.74,8.0,7.97,0.0,0.0,0.6402,4727996,37506644.0,5885605900.0,5885605900.0
1559,2013-07-02,sh601002,晋亿实业,7.96,8.03,7.85,7.94,7.97,-0.01,-0.1255,0.6265,4626537,36745543.0,5878221200.0,5878221200.0
1560,2013-07-03,sh601002,晋亿实业,7.91,8.06,7.86,8.01,7.96,-0.05,-0.6281,0.6313,4661773,37117939.0,5841297700.0,5841297700.0
1561,2013-07-04,sh601002,晋亿实业,7.69,7.88,7.42,7.84,7.91,-0.22,-2.7813,1.364,10073014,76840959.0,5678834300.0,5678834300.0
1562,2013-07-05,sh601002,晋亿实业,7.63,7.79,7.52,7.58,7.69,-0.06,-0.7802,0.8231,6078079,46436074.0,5634526100.0,5634526100.0
1563,2013-07-08,sh601002,晋亿实业,7.03,7.58,7.02,7.58,7.63,-0.6,-7.8637,0.928,6853246,49631806.0,5191444100.0,5191444100.0
1564,2013-07-09,sh601002,晋亿实业,7.02,7.09,6.9,7.0,7.03,-0.01,-0.1422,0.4801,3545694,24833482.0,5184059400.0,5184059400.0
1565,2013-07-10,sh601002,晋亿实业,7.29,7.32,7.01,7.05,7.02,0.27,3.8462,0.8086,5971524,42864862.0,5383446300.0,5383446300.0
1566,2013-07-11,sh601002,晋亿实业,7.53,7.63,7.26,7.26,7.29,0.24,3.2922,1.2274,9064200,67913791.0,5560679100.0,5560679100.0
1567,2013-07-12,sh601002,晋亿实业,7.57,7.83,7.56,7.65,7.53,0.04,0.5312,1.282,9467071,72748069.0,5590217900.0,5590217900.0
1568,2013-07-15,sh601002,晋亿实业,7.58,7.64,7.41,7.56,7.57,0.01,0.1321,0.7835,5785735,43630622.0,5597602600.0,5597602600.0
1569,2013-07-16,sh601002,晋亿实业,8.34,8.34,7.51,7.58,7.58,0.76,10.0264,1.7808,13150853,106204472.0,6158839800.0,6158839800.0
1570,2013-07-17,sh601002,晋亿实业,8.85,9.11,8.37,8.45,8.34,0.51,6.1151,4.4057,32534693,284755031.0,6535459500.0,6535459500.0
1571,2013-07-18,sh601002,晋亿实业,8.67,8.93,8.49,8.71,8.85,-0.18,-2.0339,2.4956,18429509,160639604.0,6402534900.0,6402534900.0
1572,2013-07-19,sh601002,晋亿实业,8.35,8.91,8.34,8.73,8.67,-0.32,-3.6909,2.0975,15489596,133287899.0,6166224500.0,6166224500.0
1573,2013-07-22,sh601002,晋亿实业,8.75,8.81,8.16,8.16,8.35,0.4,4.7904,1.763,13019191,111633348.0,6461612500.0,6461612500.0
1574,2013-07-23,sh601002,晋亿实业,9.48,9.63,8.82,8.82,8.75,0.73,8.3429,3.8359,28326727,260966921.0,7000695600.0,7000695600.0
1575,2013-07-24,sh601002,晋亿实业,9.38,9.75,9.15,9.32,9.48,-0.1,-1.0549,3.1999,23629977,222998365.0,6926848600.0,6926848600.0
1576,2013-07-25,sh601002,晋亿实业,9.11,9.83,9.1,9.63,9.38,-0.27,-2.8785,3.6719,27116009,257074130.0,6727461700.0,6727461700.0
1577,2013-07-26,sh601002,晋亿实业,8.84,9.04,8.75,8.98,9.11,-0.27,-2.9638,1.5844,11700082,103615096.0,6528074800.0,6528074800.0
1578,2013-07-29,sh601002,晋亿实业,8.54,8.73,8.38,8.64,8.84,-0.3,-3.3937,1.5279,11283150,96489647.0,6306533800.0,6306533800.0
1579,2013-07-30,sh601002,晋亿实业,8.55,8.72,8.29,8.55,8.54,0.01,0.1171,1.2439,9185600,78589015.0,6313918500.0,6313918500.0
1580,2013-07-31,sh601002,晋亿实业,8.46,8.65,8.38,8.65,8.55,-0.09,-1.0526,0.8092,5975790,50919937.0,6247456200.0,6247456200.0
1581,2013-08-01,sh601002,晋亿实业,8.69,8.7,8.5,8.6,8.46,0.23,2.7187,1.3541,9999893,86029095.0,6888476100.0,6417304300.0
1582,2013-08-02,sh601002,晋亿实业,8.6,8.82,8.58,8.78,8.69,-0.09,-1.0357,1.1915,8798828,76348067.0,6817134000.0,6350842000.0
1583,2013-08-05,sh601002,晋亿实业,8.76,8.8,8.65,8.65,8.6,0.16,1.8605,1.1091,8190403,71407154.0,6943964400.0,6468997200.0
1584,2013-08-06,sh601002,晋亿实业,8.83,8.87,8.7,8.77,8.76,0.07,0.7991,0.995,7347524,64698386.0,6999452700.0,6520690100.0
1585,2013-08-07,sh601002,晋亿实业,8.81,8.98,8.69,8.8,8.83,-0.02,-0.2265,1.3589,10034874,88638072.0,6983598900.0,6505920700.0
1586,2013-08-08,sh601002,晋亿实业,8.7,8.9,8.68,8.8,8.81,-0.11,-1.2486,1.0045,7417581,65037456.0,6896403000.0,6424689000.0
1587,2013-08-09,sh601002,晋亿实业,8.57,8.84,8.52,8.69,8.7,-0.13,-1.4943,0.9149,6756095,58542766.0,6793353300.0,6328687900.0
1588,2013-08-12,sh601002,晋亿实业,9.12,9.15,8.56,8.57,8.57,0.55,6.4177,2.1693,16019625,141724076.0,7229332800.0,6734846400.0
1589,2013-08-13,sh601002,晋亿实业,9.1,9.19,8.95,9.15,9.12,-0.02,-0.2193,1.9468,14376825,130423942.0,7213479000.0,6720077000.0
1590,2013-08-14,sh601002,晋亿实业,8.91,9.12,8.84,9.06,9.1,-0.19,-2.0879,1.2153,8974708,80477082.0,7062867900.0,6579767700.0
1591,2013-08-15,sh601002,晋亿实业,9.0,9.38,8.8,8.85,8.91,0.09,1.0101,2.2198,16392397,149845175.0,7134210000.0,6646230000.0
1592,2013-08-16,sh601002,晋亿实业,8.72,9.4,8.7,8.98,9.0,-0.28,-3.1111,1.7309,12782095,113972705.0,6912256800.0,6439458400.0
1593,2013-08-19,sh601002,晋亿实业,8.78,8.82,8.53,8.57,8.72,0.06,0.6881,0.9021,6662038,57973384.0,6959818200.0,6483766600.0
1594,2013-08-20,sh601002,晋亿实业,8.92,9.21,8.83,8.98,8.78,0.14,1.5945,1.5793,11662679,105058831.0,7070794800.0,6587152400.0
1595,2013-08-21,sh601002,晋亿实业,8.94,9.02,8.83,8.9,8.92,0.02,0.2242,0.8528,6297629,56278131.0,7086648600.0,6601921800.0
1596,2013-08-22,sh601002,晋亿实业,8.8,8.94,8.78,8.91,8.94,-0.14,-1.566,0.5932,4380627,38837318.0,6975672000.0,6498536000.0
1597,2013-08-23,sh601002,晋亿实业,8.61,8.9,8.51,8.81,8.8,-0.19,-2.1591,0.7517,5551401,48347894.0,6825060900.0,6358226700.0
1598,2013-08-26,sh601002,晋亿实业,8.8,8.85,8.62,8.62,8.61,0.19,2.2067,0.6001,4431468,38697557.0,6975672000.0,6498536000.0
1599,2013-08-27,sh601002,晋亿实业,8.73,8.82,8.7,8.74,8.8,-0.07,-0.7955,0.6018,4443956,38830420.0,6920183700.0,6446843100.0
1600,2013-08-28,sh601002,晋亿实业,8.52,8.71,8.5,8.71,8.73,-0.21,-2.4055,0.9035,6672301,57187116.0,6753718800.0,6291764400.0
1601,2013-08-29,sh601002,晋亿实业,8.41,8.6,8.38,8.55,8.52,-0.11,-1.2911,0.7763,5732383,48539783.0,6666522900.0,6210532700.0
1602,2013-08-30,sh601002,晋亿实业,8.43,8.56,8.36,8.41,8.41,0.02,0.2378,0.7741,5716177,48357942.0,6682376700.0,6225302100.0
1603,2013-09-02,sh601002,晋亿实业,8.54,8.58,8.36,8.45,8.43,0.11,1.3049,0.6087,4495305,38103345.0,6769572600.0,6306533800.0
1604,2013-09-03,sh601002,晋亿实业,8.61,8.62,8.48,8.5,8.54,0.07,0.8197,0.6838,5049719,43269252.0,6825060900.0,6358226700.0
1605,2013-09-04,sh601002,晋亿实业,8.64,8.96,8.63,8.86,8.61,0.03,0.3484,1.1579,8551074,74974277.0,6848841600.0,6380380800.0
1606,2013-09-05,sh601002,晋亿实业,8.56,8.66,8.47,8.6,8.64,-0.08,-0.9259,0.6433,4750840,40576365.0,6785426400.0,6321303200.0
1607,2013-09-06,sh601002,晋亿实业,8.62,8.72,8.49,8.51,8.56,0.06,0.7009,0.6699,4947193,42604717.0,6832987800.0,6365611400.0
1608,2013-09-09,sh601002,晋亿实业,8.72,8.76,8.6,8.68,8.62,0.1,1.1601,1.0289,7597988,65997156.0,6912256800.0,6439458400.0
1609,2013-09-10,sh601002,晋亿实业,8.9,8.91,8.65,8.75,8.72,0.18,2.0642,1.5065,11125293,98134706.0,7054941000.0,6572383000.0
1610,2013-09-11,sh601002,晋亿实业,8.86,9.2,8.85,8.9,8.9,-0.04,-0.4494,2.3193,17127624,154432558.0,7023233400.0,6542844200.0
1611,2013-09-12,sh601002,晋亿实业,8.75,8.89,8.68,8.8,8.86,-0.11,-1.2415,1.0876,8031656,70367925.0,6936037500.0,6461612500.0
1612,2013-09-13,sh601002,晋亿实业,8.87,8.89,8.7,8.73,8.75,0.12,1.3714,0.9667,7138529,62873444.0,7031160300.0,6550228900.0
1613,2013-09-16,sh601002,晋亿实业,8.7,8.87,8.68,8.87,8.87,-0.17,-1.9166,0.6927,5115474,44692174.0,6896403000.0,6424689000.0
1614,2013-09-17,sh601002,晋亿实业,8.8,9.23,8.6,8.62,8.7,0.1,1.1494,1.8683,13796799,123516590.0,6975672000.0,6498536000.0
1615,2013-09-18,sh601002,晋亿实业,8.64,8.75,8.52,8.73,8.8,-0.16,-1.8182,0.9403,6943845,59930671.0,6848841600.0,6380380800.0
1616,2013-09-23,sh601002,晋亿实业,8.72,8.83,8.62,8.67,8.64,0.08,0.9259,0.7657,5654266,49280731.0,6912256800.0,6439458400.0
1617,2013-09-24,sh601002,晋亿实业,8.65,8.8,8.63,8.73,8.72,-0.07,-0.8028,0.6781,5007540,43648117.0,6856768500.0,6387765500.0
1618,2013-09-25,sh601002,晋亿实业,8.99,9.03,8.53,8.63,8.65,0.34,3.9306,1.878,13868234,122044276.0,7126283100.0,6638845300.0
1619,2013-09-26,sh601002,晋亿实业,8.92,9.14,8.81,8.92,8.99,-0.07,-0.7786,2.0715,15297566,137452999.0,7070794800.0,6587152400.0
1620,2013-09-27,sh601002,晋亿实业,8.87,9.0,8.84,8.97,8.92,-0.05,-0.5605,0.8967,6621686,59026679.0,7031160300.0,6550228900.0
1621,2013-09-30,sh601002,晋亿实业,8.99,9.03,8.8,8.86,8.87,0.12,1.3529,1.1125,8215670,73437221.0,7126283100.0,6638845300.0
1622,2013-10-08,sh601002,晋亿实业,9.25,9.27,8.9,8.98,8.99,0.26,2.8921,1.9609,14480913,132459116.0,7332382500.0,6830847500.0
1623,2013-10-09,sh601002,晋亿实业,9.41,9.55,9.16,9.18,9.25,0.16,1.7297,2.8432,20996415,196678339.0,7459212900.0,6949002700.0
1624,2013-10-10,sh601002,晋亿实业,9.16,9.58,9.07,9.46,9.41,-0.25,-2.6567,2.3021,17000665,158726372.0,7261040400.0,6764385200.0
1625,2013-10-11,sh601002,晋亿实业,9.21,9.28,9.08,9.18,9.16,0.05,0.5459,1.1511,8500850,77999159.0,7300674900.0,6801308700.0
1626,2013-10-14,sh601002,晋亿实业,10.13,10.13,9.79,9.84,9.21,0.92,9.9891,4.3921,32434672,324841491.0,8029949700.0,7480701100.0
1627,2013-10-15,sh601002,晋亿实业,9.93,10.5,9.75,10.4,10.13,-0.2,-1.9743,5.1365,37931602,382407243.0,7871411700.0,7333007100.0
1628,2013-10-16,sh601002,晋亿实业,9.41,9.88,9.34,9.71,9.93,-0.52,-5.2367,2.1871,16150959,154359723.0,7459212900.0,6949002700.0
1629,2013-10-17,sh601002,晋亿实业,9.22,9.58,9.17,9.48,9.41,-0.19,-2.0191,1.4096,10409497,97495457.0,7308601800.0,6808693400.0
1630,2013-10-18,sh601002,晋亿实业,9.39,9.63,9.31,9.36,9.22,0.17,1.8438,1.7151,12665774,119797261.0,7443359100.0,6934233300.0
1631,2013-10-21,sh601002,晋亿实业,9.56,9.67,9.38,9.6,9.39,0.17,1.8104,1.8196,13436925,128290407.0,7578116400.0,7059773200.0
1632,2013-10-22,sh601002,晋亿实业,9.87,10.19,9.39,9.51,9.56,0.31,3.2427,3.63,26806309,265670341.0,7823850300.0,7288698900.0
1633,2013-10-23,sh601002,晋亿实业,10.03,10.2,9.58,9.73,9.87,0.16,1.6211,2.5998,19198447,190644480.0,7950680700.0,7406854100.0
1634,2013-10-24,sh601002,晋亿实业,10.0,10.43,9.8,9.9,10.03,-0.03,-0.2991,3.4754,25664717,260910666.0,7926900000.0,7384700000.0
1635,2013-10-25,sh601002,晋亿实业,9.73,10.16,9.72,10.01,10.0,-0.27,-2.7,1.9144,14136988,139783249.0,7712873700.0,7185313100.0
1636,2013-10-28,sh601002,晋亿实业,9.52,10.01,9.43,9.73,9.73,-0.21,-2.1583,1.5353,11338041,109705835.0,7546408800.0,7030234400.0
1637,2013-10-29,sh601002,晋亿实业,8.92,9.56,8.65,9.48,9.52,-0.6,-6.3025,2.0477,15121658,136829550.0,7070794800.0,6587152400.0
1638,2013-10-30,sh601002,晋亿实业,9.31,9.39,8.8,8.96,8.92,0.39,4.3722,1.7271,12753869,116707408.0,7379943900.0,6875155700.0
1639,2013-10-31,sh601002,晋亿实业,8.95,9.32,8.88,9.23,9.31,-0.36,-3.8668,1.224,9038607,82469473.0,7094575500.0,6609306500.0
1640,2013-11-01,sh601002,晋亿实业,8.94,9.16,8.7,8.98,8.95,-0.01,-0.1117,0.8636,6377326,57162197.0,7086648600.0,6601921800.0
1641,2013-11-04,sh601002,晋亿实业,9.1,9.2,8.81,8.99,8.94,0.16,1.7897,0.9182,6780866,61289200.0,7213479000.0,6720077000.0
1642,2013-11-05,sh601002,晋亿实业,9.16,9.2,8.91,9.06,9.1,0.06,0.6593,0.868,6410164,58270651.0,7261040400.0,6764385200.0
1643,2013-11-06,sh601002,晋亿实业,8.91,9.22,8.9,9.18,9.16,-0.25,-2.7293,1.0367,7655719,69251602.0,7062867900.0,6579767700.0
1644,2013-11-07,sh601002,晋亿实业,8.93,9.07,8.83,8.91,8.91,0.02,0.2245,0.7547,5572950,50010314.0,7078721700.0,6594537100.0
1645,2013-11-08,sh601002,晋亿实业,8.74,8.99,8.66,8.9,8.93,-0.19,-2.1277,0.6861,5066668,44614465.0,6928110600.0,6454227800.0
1646,2013-11-11,sh601002,晋亿实业,9.26,9.33,8.82,8.83,8.74,0.52,5.9497,1.8387,13577993,124543116.0,7340309400.0,6838232200.0
1647,2013-11-12,sh601002,晋亿实业,9.29,9.39,9.05,9.19,9.26,0.03,0.324,1.1857,8755694,80801417.0,7364090100.0,6860386300.0
1648,2013-11-13,sh601002,晋亿实业,9.01,9.23,8.98,9.23,9.29,-0.28,-3.014,0.8737,6452357,58557158.0,7142136900.0,6653614700.0
1649,2013-11-14,sh601002,晋亿实业,9.36,9.4,8.89,9.0,9.01,0.35,3.8846,1.4184,10474601,96475504.0,7419578400.0,6912079200.0
1650,2013-11-15,sh601002,晋亿实业,9.54,9.6,9.27,9.35,9.36,0.18,1.9231,1.9593,14468687,137219795.0,7562262600.0,7045003800.0
1651,2013-11-18,sh601002,晋亿实业,9.61,9.64,9.4,9.54,9.54,0.07,0.7338,1.694,12509436,119220403.0,7617750900.0,7096696700.0
1652,2013-11-19,sh601002,晋亿实业,9.56,9.74,9.48,9.55,9.61,-0.05,-0.5203,1.0844,8007977,76932743.0,7578116400.0,7059773200.0
1653,2013-11-20,sh601002,晋亿实业,9.72,9.75,9.46,9.57,9.56,0.16,1.6736,1.6678,12316564,118832185.0,7704946800.0,7177928400.0
1654,2013-11-21,sh601002,晋亿实业,9.56,9.74,9.46,9.6,9.72,-0.16,-1.6461,1.0538,7781672,74523777.0,7578116400.0,7059773200.0
1655,2013-11-22,sh601002,晋亿实业,9.5,9.77,9.3,9.5,9.56,-0.06,-0.6276,1.7024,12571463,120144053.0,7530555000.0,7015465000.0
1656,2013-11-25,sh601002,晋亿实业,9.76,9.84,9.31,9.44,9.5,0.26,2.7368,2.3806,17580368,170102252.0,7736654400.0,7207467200.0
1657,2013-11-26,sh601002,晋亿实业,9.97,10.11,9.8,9.9,9.76,0.21,2.1516,2.5263,18656019,186338672.0,7903119300.0,7362545900.0
1658,2013-11-27,sh601002,晋亿实业,9.73,10.23,9.67,10.1,9.97,-0.24,-2.4072,3.1435,23214160,229044231.0,7712873700.0,7185313100.0
1659,2013-11-28,sh601002,晋亿实业,9.74,9.9,9.7,9.76,9.73,0.01,0.1028,1.9266,14227629,139072387.0,7720800600.0,7192697800.0
1660,2013-11-29,sh601002,晋亿实业,9.64,9.76,9.56,9.74,9.74,-0.1,-1.0267,1.4594,10777254,103717308.0,7641531600.0,7118850800.0
1661,2013-12-02,sh601002,晋亿实业,9.16,9.54,9.05,9.5,9.64,-0.48,-4.9793,1.6305,12040851,111751095.0,7261040400.0,6764385200.0
1662,2013-12-03,sh601002,晋亿实业,9.32,9.34,9.1,9.1,9.16,0.16,1.7467,0.8071,5960432,55185169.0,7387870800.0,6882540400.0
1663,2013-12-04,sh601002,晋亿实业,9.57,9.59,9.28,9.32,9.32,0.25,2.6824,1.3909,10271508,97499547.0,7586043300.0,7067157900.0
1664,2013-12-05,sh601002,晋亿实业,9.41,9.57,9.37,9.57,9.57,-0.16,-1.6719,1.03,7605898,71761994.0,7459212900.0,6949002700.0
1665,2013-12-06,sh601002,晋亿实业,9.53,9.55,9.36,9.41,9.41,0.12,1.2752,0.9424,6959520,65864984.0,7554335700.0,7037619100.0
1666,2013-12-09,sh601002,晋亿实业,9.48,9.57,9.39,9.48,9.53,-0.05,-0.5247,1.0192,7526803,71250155.0,7514701200.0,7000695600.0
1667,2013-12-10,sh601002,晋亿实业,9.39,9.53,9.38,9.5,9.48,-0.09,-0.9494,0.7971,5886461,55526671.0,7443359100.0,6934233300.0
1668,2013-12-11,sh601002,晋亿实业,9.2,9.39,9.11,9.39,9.39,-0.19,-2.0234,0.8349,6165359,56743809.0,7292748000.0,6793924000.0
1669,2013-12-12,sh601002,晋亿实业,9.1,9.27,9.05,9.21,9.2,-0.1,-1.087,1.2557,9273015,84729954.0,7213479000.0,6720077000.0
1670,2013-12-13,sh601002,晋亿实业,9.07,9.12,8.94,9.02,9.1,-0.03,-0.3297,0.6697,4945192,44764598.0,7189698300.0,6697922900.0
1671,2013-12-16,sh601002,晋亿实业,8.85,9.13,8.85,9.09,9.07,-0.22,-2.4256,0.7322,5407244,48405886.0,7015306500.0,6535459500.0
1672,2013-12-17,sh601002,晋亿实业,8.89,8.96,8.82,8.84,8.85,0.04,0.452,0.3832,2829942,25161584.0,7047014100.0,6564998300.0
1673,2013-12-18,sh601002,晋亿实业,8.85,9.0,8.85,8.92,8.89,-0.04,-0.4499,0.3809,2812627,25087207.0,7015306500.0,6535459500.0
1674,2013-12-19,sh601002,晋亿实业,8.69,8.97,8.65,8.95,8.85,-0.16,-1.8079,0.4272,3154908,27816965.0,6888476100.0,6417304300.0
1675,2013-12-20,sh601002,晋亿实业,8.5,8.77,8.48,8.77,8.69,-0.19,-2.1864,0.6166,4553476,39079222.0,6737865000.0,6276995000.0
1676,2013-12-23,sh601002,晋亿实业,8.42,8.55,8.3,8.53,8.5,-0.08,-0.9412,0.3532,2608089,21960595.0,6674449800.0,6217917400.0
1677,2013-12-24,sh601002,晋亿实业,8.47,8.54,8.41,8.43,8.42,0.05,0.5938,0.3053,2254873,19133842.0,6714084300.0,6254840900.0
1678,2013-12-25,sh601002,晋亿实业,8.56,8.57,8.43,8.45,8.47,0.09,1.0626,0.2565,1894112,16143898.0,6785426400.0,6321303200.0
1679,2013-12-26,sh601002,晋亿实业,8.32,8.6,8.31,8.6,8.56,-0.24,-2.8037,0.3606,2662706,22393824.0,6595180800.0,6144070400.0
1680,2013-12-27,sh601002,晋亿实业,8.45,8.49,8.28,8.34,8.32,0.13,1.5625,0.4609,3403667,28548166.0,6698230500.0,6240071500.0
1681,2013-12-30,sh601002,晋亿实业,8.51,8.6,8.49,8.52,8.45,0.06,0.7101,0.3534,2609671,22271228.0,6745791900.0,6284379700.0
1682,2013-12-31,sh601002,晋亿实业,8.58,8.59,8.46,8.51,8.51,0.07,0.8226,0.3828,2826495,24065385.0,6801280200.0,6336072600.0
1683,2014-01-02,sh601002,晋亿实业,8.65,8.68,8.53,8.59,8.58,0.07,0.8159,0.3858,2849098,24512261.0,6856768500.0,6387765500.0
1684,2014-01-03,sh601002,晋亿实业,8.43,8.65,8.42,8.6,8.65,-0.22,-2.5434,0.4382,3235716,27494907.0,6682376700.0,6225302100.0
1685,2014-01-06,sh601002,晋亿实业,8.0,8.4,7.99,8.4,8.43,-0.43,-5.1008,0.6081,4490390,36467521.0,6341520000.0,5907760000.0
1686,2014-01-07,sh601002,晋亿实业,7.93,8.09,7.9,8.0,8.0,-0.07,-0.875,0.3983,2941052,23515071.0,6286031700.0,5856067100.0
1687,2014-01-08,sh601002,晋亿实业,7.75,8.02,7.68,7.92,7.93,-0.18,-2.2699,0.5941,4387605,34403045.0,6143347500.0,5723142500.0
1688,2014-01-09,sh601002,晋亿实业,7.69,7.86,7.67,7.79,7.75,-0.06,-0.7742,0.4464,3296500,25667304.0,6095786100.0,5678834300.0
1689,2014-01-10,sh601002,晋亿实业,7.67,7.76,7.6,7.74,7.69,-0.02,-0.2601,0.3912,2888977,22169480.0,6079932300.0,5664064900.0
1690,2014-01-13,sh601002,晋亿实业,7.75,7.75,7.59,7.61,7.67,0.08,1.043,0.4159,3071102,23502739.0,6143347500.0,5723142500.0
1691,2014-01-14,sh601002,晋亿实业,7.86,7.89,7.7,7.75,7.75,0.11,1.4194,0.4255,3142348,24542421.0,6230543400.0,5804374200.0
1692,2014-01-15,sh601002,晋亿实业,7.86,7.92,7.73,7.85,7.86,0.0,0.0,0.4507,3328159,26044675.0,6230543400.0,5804374200.0
1693,2014-01-16,sh601002,晋亿实业,7.96,7.97,7.8,7.87,7.86,0.1,1.2723,0.4462,3294872,25994857.0,6309812400.0,5878221200.0
1694,2014-01-17,sh601002,晋亿实业,7.9,7.93,7.76,7.9,7.96,-0.06,-0.7538,0.4521,3338949,26178278.0,6262251000.0,5833913000.0
1695,2014-01-20,sh601002,晋亿实业,7.81,7.95,7.79,7.86,7.9,-0.09,-1.1392,0.2701,1994259,15642700.0,6190908900.0,5767450700.0
1696,2014-01-21,sh601002,晋亿实业,7.87,7.92,7.77,7.77,7.81,0.06,0.7682,0.2365,1746718,13720595.0,6238470300.0,5811758900.0
1697,2014-01-22,sh601002,晋亿实业,8.2,8.22,7.83,7.87,7.87,0.33,4.1931,0.7946,5867987,47658247.0,6500058000.0,6055454000.0
1698,2014-01-23,sh601002,晋亿实业,8.19,8.31,8.13,8.18,8.2,-0.01,-0.122,0.4802,3546263,29081242.0,6492131100.0,6048069300.0
1699,2014-01-24,sh601002,晋亿实业,8.31,8.44,8.16,8.24,8.19,0.12,1.4652,0.6247,4613019,38449864.0,6587253900.0,6136685700.0
1700,2014-01-27,sh601002,晋亿实业,8.15,8.29,8.12,8.25,8.31,-0.16,-1.9254,0.2959,2184800,17949360.0,6460423500.0,6018530500.0
1701,2014-01-28,sh601002,晋亿实业,8.15,8.24,8.13,8.14,8.15,0.0,0.0,0.183,1351452,11051872.0,6460423500.0,6018530500.0
1702,2014-01-29,sh601002,晋亿实业,8.3,8.42,8.15,8.23,8.15,0.15,1.8405,0.4714,3481073,28872495.0,6579327000.0,6129301000.0
1703,2014-01-30,sh601002,晋亿实业,8.21,8.38,8.21,8.31,8.3,-0.09,-1.0843,0.2812,2076586,17187056.0,6507984900.0,6062838700.0
1704,2014-02-07,sh601002,晋亿实业,8.45,8.48,8.04,8.14,8.21,0.24,2.9233,0.5776,4265039,35072190.0,6698230500.0,6240071500.0
1705,2014-02-10,sh601002,晋亿实业,8.72,8.75,8.33,8.33,8.45,0.27,3.1953,0.9938,7339095,63253264.0,6912256800.0,6439458400.0
1706,2014-02-11,sh601002,晋亿实业,8.61,8.72,8.56,8.69,8.72,-0.11,-1.2615,0.5318,3927455,33877530.0,6825060900.0,6358226700.0
1707,2014-02-12,sh601002,晋亿实业,8.61,8.7,8.55,8.6,8.61,0.0,0.0,0.3936,2906978,25059794.0,6825060900.0,6358226700.0
1708,2014-02-13,sh601002,晋亿实业,8.46,8.72,8.45,8.58,8.61,-0.15,-1.7422,0.5123,3783130,32573094.0,6706157400.0,6247456200.0
1709,2014-02-14,sh601002,晋亿实业,8.66,8.69,8.46,8.46,8.46,0.2,2.3641,0.7308,5396467,46431186.0,6864695400.0,6395150200.0
1710,2014-02-17,sh601002,晋亿实业,8.6,8.71,8.57,8.66,8.66,-0.06,-0.6928,0.8813,6508210,56078816.0,6817134000.0,6350842000.0
1711,2014-02-18,sh601002,晋亿实业,8.56,8.6,8.41,8.58,8.6,-0.04,-0.4651,1.1408,8424773,71680853.0,6785426400.0,6321303200.0
1712,2014-02-19,sh601002,晋亿实业,8.81,8.85,8.3,8.46,8.56,0.25,2.9206,2.3059,17028241,146051465.0,6983598900.0,6505920700.0
1713,2014-02-20,sh601002,晋亿实业,8.69,9.03,8.65,8.75,8.81,-0.12,-1.3621,2.702,19953205,176435718.0,6888476100.0,6417304300.0
1714,2014-02-21,sh601002,晋亿实业,8.34,8.67,8.28,8.67,8.69,-0.35,-4.0276,1.491,11010878,93017252.0,6611034600.0,6158839800.0
1715,2014-02-24,sh601002,晋亿实业,7.92,8.22,7.9,8.2,8.34,-0.42,-5.036,1.2658,9347880,74861704.0,6278104800.0,5848682400.0
1716,2014-02-25,sh601002,晋亿实业,7.68,8.02,7.62,7.98,7.92,-0.24,-3.0303,1.1391,8411742,65801049.0,6087859200.0,5671449600.0
1717,2014-02-26,sh601002,晋亿实业,7.91,8.05,7.67,7.67,7.68,0.23,2.9948,0.9792,7231116,56643396.0,6270177900.0,5841297700.0
1718,2014-02-27,sh601002,晋亿实业,7.85,8.16,7.81,8.04,7.91,-0.06,-0.7585,1.1084,8185542,65460914.0,6222616500.0,5796989500.0
1719,2014-02-28,sh601002,晋亿实业,7.76,7.9,7.64,7.85,7.85,-0.09,-1.1465,0.984,7266605,56271462.0,6151274400.0,5730527200.0
1720,2014-03-03,sh601002,晋亿实业,7.85,7.92,7.72,7.77,7.76,0.09,1.1598,0.9675,7144697,56142846.0,6222616500.0,5796989500.0
1721,2014-03-04,sh601002,晋亿实业,7.72,7.83,7.66,7.83,7.85,-0.13,-1.6561,0.9384,6929588,53529032.0,6119566800.0,5700988400.0
1722,2014-03-05,sh601002,晋亿实业,7.98,8.21,7.7,7.75,7.72,0.26,3.3679,3.3903,25036297,200781374.0,6325666200.0,5892990600.0
1723,2014-03-06,sh601002,晋亿实业,7.9,7.98,7.75,7.9,7.98,-0.08,-1.0025,1.4018,10351654,81178729.0,6262251000.0,5833913000.0
1724,2014-03-07,sh601002,晋亿实业,7.93,8.06,7.82,7.89,7.9,0.03,0.3797,2.268,16748631,133006997.0,6286031700.0,5856067100.0
1725,2014-03-10,sh601002,晋亿实业,7.51,7.84,7.49,7.84,7.93,-0.42,-5.2963,1.2922,9542393,73174101.0,5953101900.0,5545909700.0
1726,2014-03-11,sh601002,晋亿实业,7.41,7.52,7.39,7.4,7.51,-0.1,-1.3316,0.7606,5616474,41803170.0,5873832900.0,5472062700.0
1727,2014-03-12,sh601002,晋亿实业,7.41,7.46,7.23,7.46,7.41,0.0,0.0,0.7703,5688193,41781258.0,5873832900.0,5472062700.0
1728,2014-03-13,sh601002,晋亿实业,7.57,7.6,7.34,7.43,7.41,0.16,2.1592,1.2196,9006369,67020008.0,6000663300.0,5590217900.0
1729,2014-03-14,sh601002,晋亿实业,7.56,7.7,7.49,7.61,7.57,-0.01,-0.1321,1.508,11136298,84413555.0,5992736400.0,5582833200.0
1730,2014-03-17,sh601002,晋亿实业,7.58,7.58,7.43,7.43,7.56,0.02,0.2646,0.686,5065880,38105948.0,6008590200.0,5597602600.0
1731,2014-03-18,sh601002,晋亿实业,7.61,7.68,7.52,7.58,7.58,0.03,0.3958,0.9337,6895038,52460197.0,6032370900.0,5619756700.0
1732,2014-03-19,sh601002,晋亿实业,7.81,7.98,7.56,7.65,7.61,0.2,2.6281,2.5288,18674362,145239570.0,6190908900.0,5767450700.0
1733,2014-03-20,sh601002,晋亿实业,7.67,7.98,7.65,7.74,7.81,-0.14,-1.7926,2.1324,15746909,122725033.0,6079932300.0,5664064900.0
1734,2014-03-21,sh601002,晋亿实业,7.75,7.84,7.49,7.57,7.67,0.08,1.043,1.4035,10364784,79652195.0,6143347500.0,5723142500.0
1735,2014-03-24,sh601002,晋亿实业,7.85,7.95,7.72,7.78,7.75,0.1,1.2903,1.491,11010544,86447507.0,6222616500.0,5796989500.0
1736,2014-03-25,sh601002,晋亿实业,7.66,7.9,7.65,7.84,7.85,-0.19,-2.4204,1.2724,9396129,72995253.0,6072005400.0,5656680200.0
1737,2014-03-26,sh601002,晋亿实业,7.62,7.72,7.56,7.66,7.66,-0.04,-0.5222,0.8334,6154330,46915249.0,6040297800.0,5627141400.0
1738,2014-03-27,sh601002,晋亿实业,7.58,7.75,7.56,7.58,7.62,-0.04,-0.5249,0.8824,6516082,49838118.0,6008590200.0,5597602600.0
1739,2014-03-28,sh601002,晋亿实业,7.52,7.74,7.5,7.58,7.58,-0.06,-0.7916,0.8265,6103284,46525132.0,5961028800.0,5553294400.0
1740,2014-03-31,sh601002,晋亿实业,7.93,7.98,7.62,7.62,7.52,0.41,5.4521,2.5299,18682294,146757481.0,6286031700.0,5856067100.0
1741,2014-04-01,sh601002,晋亿实业,8.19,8.3,7.82,7.93,7.93,0.26,3.2787,3.0339,22404524,181164015.0,6492131100.0,6048069300.0
1742,2014-04-02,sh601002,晋亿实业,8.13,8.25,8.06,8.15,8.19,-0.06,-0.7326,1.8381,13573857,110445025.0,6444569700.0,6003761100.0
1743,2014-04-03,sh601002,晋亿实业,8.02,8.52,8.01,8.35,8.13,-0.11,-1.353,4.6578,34396258,285522788.0,6357373800.0,5922529400.0
1744,2014-04-04,sh601002,晋亿实业,7.86,7.9,7.7,7.79,8.02,-0.16,-1.995,1.9664,14521038,113289023.0,6230543400.0,5804374200.0
1745,2014-04-08,sh601002,晋亿实业,7.9,7.94,7.75,7.8,7.86,0.04,0.5089,1.4917,11015767,86586926.0,6262251000.0,5833913000.0
1746,2014-04-09,sh601002,晋亿实业,7.96,7.98,7.89,7.93,7.9,0.06,0.7595,1.1037,8150550,64693535.0,6309812400.0,5878221200.0
1747,2014-04-10,sh601002,晋亿实业,8.07,8.15,7.92,7.96,7.96,0.11,1.3819,1.6934,12505504,100951950.0,6397008300.0,5959452900.0
1748,2014-04-11,sh601002,晋亿实业,7.92,8.1,7.89,8.08,8.07,-0.15,-1.8587,1.0064,7431845,59207449.0,6278104800.0,5848682400.0
1749,2014-04-14,sh601002,晋亿实业,7.95,7.96,7.83,7.86,7.92,0.03,0.3788,1.2213,9018677,71144957.0,6301885500.0,5870836500.0
1750,2014-04-15,sh601002,晋亿实业,7.85,7.93,7.81,7.93,7.95,-0.1,-1.2579,0.8195,6051678,47591595.0,6222616500.0,5796989500.0
1751,2014-04-16,sh601002,晋亿实业,7.85,7.89,7.79,7.84,7.85,0.0,0.0,0.6711,4955818,38848159.0,6222616500.0,5796989500.0
1752,2014-04-17,sh601002,晋亿实业,7.8,7.92,7.8,7.88,7.85,-0.05,-0.6369,0.6094,4500551,35336352.0,6182982000.0,5760066000.0
1753,2014-04-18,sh601002,晋亿实业,7.76,7.79,7.7,7.76,7.8,-0.04,-0.5128,0.6354,4692054,36333548.0,6151274400.0,5730527200.0
1754,2014-04-21,sh601002,晋亿实业,7.67,7.87,7.64,7.77,7.76,-0.09,-1.1598,0.7599,5611457,43614564.0,6079932300.0,5664064900.0
1755,2014-04-22,sh601002,晋亿实业,7.63,7.7,7.51,7.63,7.67,-0.04,-0.5215,0.7327,5410801,41061601.0,6048224700.0,5634526100.0
1756,2014-04-23,sh601002,晋亿实业,7.8,7.82,7.65,7.68,7.63,0.17,2.228,1.0235,7558598,58708097.0,6182982000.0,5760066000.0
1757,2014-04-24,sh601002,晋亿实业,7.59,7.8,7.57,7.79,7.8,-0.21,-2.6923,0.7351,5428376,41801423.0,6016517100.0,5604987300.0
1758,2014-04-25,sh601002,晋亿实业,7.55,7.73,7.52,7.57,7.59,-0.04,-0.527,0.7218,5330216,40718086.0,5984809500.0,5575448500.0
1759,2014-04-28,sh601002,晋亿实业,7.47,7.64,7.4,7.57,7.55,-0.08,-1.0596,0.6635,4900028,36661356.0,5921394300.0,5516370900.0
1760,2014-04-29,sh601002,晋亿实业,7.63,7.65,7.45,7.51,7.47,0.16,2.1419,0.5609,4142009,31255906.0,6048224700.0,5634526100.0
1761,2014-04-30,sh601002,晋亿实业,7.74,7.78,7.55,7.55,7.63,0.11,1.4417,0.5181,3825801,29312055.0,6135420600.0,5715757800.0
1762,2014-05-05,sh601002,晋亿实业,7.89,8.2,7.85,8.04,7.74,0.15,1.938,2.5275,18664772,149245841.0,6254324100.0,5826528300.0
1763,2014-05-06,sh601002,晋亿实业,7.92,8.06,7.84,7.96,7.89,0.03,0.3802,1.6478,12168185,96839580.0,6278104800.0,5848682400.0
1764,2014-05-07,sh601002,晋亿实业,8.71,8.71,7.84,7.86,7.92,0.79,9.9747,5.4012,39886457,337110700.0,6904329900.0,6432073700.0
1765,2014-05-08,sh601002,晋亿实业,8.95,9.35,8.65,8.8,8.71,0.24,2.7555,9.731,71860709,643360614.0,7094575500.0,6609306500.0
1766,2014-05-09,sh601002,晋亿实业,8.85,9.12,8.66,8.81,8.95,-0.1,-1.1173,7.0722,52226278,464339251.0,7015306500.0,6535459500.0
1767,2014-05-12,sh601002,晋亿实业,8.88,8.97,8.5,8.79,8.85,0.03,0.339,8.693,64194996,560228699.0,7039087200.0,6557613600.0
1768,2014-05-13,sh601002,晋亿实业,8.64,8.83,8.54,8.75,8.88,-0.24,-2.7027,5.4443,40204739,349260706.0,6848841600.0,6380380800.0
1769,2014-05-14,sh601002,晋亿实业,8.7,8.88,8.53,8.61,8.64,0.06,0.6944,4.8966,36160069,316383217.0,6896403000.0,6424689000.0
1770,2014-05-15,sh601002,晋亿实业,8.21,8.66,8.18,8.62,8.7,-0.49,-5.6322,4.6237,34144846,286431089.0,6507984900.0,6062838700.0
1771,2014-05-16,sh601002,晋亿实业,8.3,8.4,8.11,8.16,8.21,0.09,1.0962,2.8494,21041704,174254050.0,6579327000.0,6129301000.0
1772,2014-05-19,sh601002,晋亿实业,8.22,8.36,8.02,8.3,8.3,-0.08,-0.9639,5.6293,41570475,339549050.0,6515911800.0,6070223400.0
1773,2014-05-20,sh601002,晋亿实业,7.99,8.26,7.96,8.2,8.22,-0.23,-2.7981,3.758,27751423,224824338.0,6333593100.0,5900375300.0
1774,2014-05-21,sh601002,晋亿实业,8.07,8.08,7.72,7.9,7.99,0.08,1.0013,3.963,29265718,231977450.0,6397008300.0,5959452900.0
1775,2014-05-22,sh601002,晋亿实业,7.88,8.11,7.87,7.99,8.07,-0.19,-2.3544,3.2052,23669346,189212470.0,6246397200.0,5819143600.0
1776,2014-05-23,sh601002,晋亿实业,7.94,7.95,7.77,7.83,7.88,0.06,0.7614,2.508,18520902,145397589.0,6293958600.0,5863451800.0
1777,2014-05-26,sh601002,晋亿实业,8.07,8.12,7.92,7.96,7.94,0.13,1.6373,2.6016,19212009,154364512.0,6397008300.0,5959452900.0
1778,2014-05-27,sh601002,晋亿实业,8.0,8.15,7.96,8.1,8.07,-0.07,-0.8674,2.3559,17397412,140045116.0,6341520000.0,5907760000.0
1779,2014-05-28,sh601002,晋亿实业,8.06,8.08,7.86,8.0,8.0,0.06,0.75,2.376,17546129,139930304.0,6389081400.0,5952068200.0
1780,2014-05-29,sh601002,晋亿实业,7.83,8.06,7.8,8.05,8.06,-0.23,-2.8536,2.0607,15218020,120801243.0,6206762700.0,5782220100.0
1781,2014-05-30,sh601002,晋亿实业,7.73,7.85,7.7,7.77,7.83,-0.1,-1.2771,2.1159,15624981,121385430.0,6127493700.0,5708373100.0
1782,2014-06-03,sh601002,晋亿实业,7.69,7.84,7.64,7.74,7.73,-0.04,-0.5175,2.1262,15701148,121564960.0,6095786100.0,5678834300.0
1783,2014-06-04,sh601002,晋亿实业,7.86,7.87,7.58,7.75,7.69,0.17,2.2107,2.842,20987645,162704078.0,6230543400.0,5804374200.0
1784,2014-06-05,sh601002,晋亿实业,7.89,7.9,7.76,7.8,7.86,0.03,0.3817,1.7178,12685308,99357877.0,6254324100.0,5826528300.0
1785,2014-06-06,sh601002,晋亿实业,7.8,7.9,7.72,7.88,7.89,-0.09,-1.1407,1.5715,11604994,90616989.0,6182982000.0,5760066000.0
1786,2014-06-09,sh601002,晋亿实业,7.66,7.81,7.66,7.76,7.8,-0.14,-1.7949,1.1574,8547315,66033748.0,6072005400.0,5656680200.0
1787,2014-06-10,sh601002,晋亿实业,7.77,7.79,7.62,7.67,7.66,0.11,1.436,1.296,9570297,73952546.0,6159201300.0,5737911900.0
1788,2014-06-11,sh601002,晋亿实业,7.87,7.95,7.81,7.82,7.77,0.1,1.287,2.1524,15894503,125065798.0,6238470300.0,5811758900.0
1789,2014-06-12,sh601002,晋亿实业,7.92,8.04,7.8,7.84,7.87,0.05,0.6353,2.4304,17947975,142233915.0,6278104800.0,5848682400.0
1790,2014-06-13,sh601002,晋亿实业,8.28,8.38,8.05,8.05,7.92,0.36,4.5455,5.5126,40709181,334644645.0,6563473200.0,6114531600.0
1791,2014-06-16,sh601002,晋亿实业,8.37,8.38,8.14,8.26,8.28,0.09,1.087,4.105,30314309,250862627.0,6634815300.0,6180993900.0
1792,2014-06-17,sh601002,晋亿实业,8.22,8.35,8.19,8.35,8.37,-0.15,-1.7921,2.8133,20775384,171105311.0,6515911800.0,6070223400.0
1793,2014-06-18,sh601002,晋亿实业,8.02,8.25,8.0,8.22,8.22,-0.2,-2.4331,2.6651,19681015,158873064.0,6357373800.0,5922529400.0
1794,2014-06-19,sh601002,晋亿实业,8.09,8.49,8.03,8.08,8.02,0.07,0.8728,5.1339,37912000,313065393.0,6412862100.0,5974222300.0
1795,2014-06-20,sh601002,晋亿实业,8.26,8.27,7.95,8.0,8.09,0.17,2.1014,3.5719,26377536,214767007.0,6547619400.0,6099762200.0
1796,2014-06-23,sh601002,晋亿实业,8.22,8.32,8.13,8.22,8.26,-0.04,-0.4843,2.3021,16999993,139603336.0,6515911800.0,6070223400.0
1797,2014-06-24,sh601002,晋亿实业,8.26,8.28,8.12,8.16,8.22,0.04,0.4866,2.3196,17129416,140896307.0,6547619400.0,6099762200.0
1798,2014-06-25,sh601002,晋亿实业,8.22,8.35,8.17,8.23,8.26,-0.04,-0.4843,2.1268,15705921,129556077.0,6515911800.0,6070223400.0
1799,2014-06-26,sh601002,晋亿实业,8.23,8.25,8.15,8.2,8.22,0.01,0.1217,2.1529,15898884,130398679.0,6523838700.0,6077608100.0
1800,2014-06-27,sh601002,XD晋亿实,8.02,8.15,8.01,8.15,8.13,-0.11,-1.353,2.257,16667439,134578003.0,6357373800.0,5922529400.0
1801,2014-06-30,sh601002,晋亿实业,8.4,8.8,7.98,8.0,8.02,0.38,4.7382,6.5024,48018301,404617326.0,6658596000.0,6203148000.0
1802,2014-07-01,sh601002,晋亿实业,8.42,8.5,8.33,8.4,8.4,0.02,0.2381,2.9066,21464095,180300484.0,6674449800.0,6217917400.0
1803,2014-07-02,sh601002,晋亿实业,8.52,8.67,8.36,8.4,8.42,0.1,1.1876,4.3407,32054829,272207277.0,6753718800.0,6291764400.0
1804,2014-07-03,sh601002,晋亿实业,8.55,8.61,8.4,8.55,8.52,0.03,0.3521,3.7765,27888155,237227491.0,6777499500.0,6313918500.0
1805,2014-07-04,sh601002,晋亿实业,8.6,8.96,8.56,8.83,8.55,0.05,0.5848,6.0039,44336642,387479911.0,6817134000.0,6350842000.0
1806,2014-07-07,sh601002,晋亿实业,9.09,9.35,8.85,8.93,8.6,0.49,5.6977,9.2296,68157633,619258718.0,7205552100.0,6712692300.0
1807,2014-07-08,sh601002,晋亿实业,9.12,9.18,8.91,8.93,9.09,0.03,0.33,5.5949,41316582,375196156.0,7229332800.0,6734846400.0
1808,2014-07-09,sh601002,晋亿实业,9.15,9.69,9.12,9.22,9.12,0.03,0.3289,8.012,59165850,554531833.0,7253113500.0,6757000500.0
1809,2014-07-10,sh601002,晋亿实业,9.61,9.73,8.93,9.01,9.15,0.46,5.0273,8.2031,60577347,566183575.0,7617750900.0,7096696700.0
1810,2014-07-11,sh601002,晋亿实业,9.56,9.88,9.51,9.52,9.61,-0.05,-0.5203,7.4511,55024200,532508007.0,7578116400.0,7059773200.0
1811,2014-07-14,sh601002,晋亿实业,9.65,9.87,9.36,9.67,9.56,0.09,0.9414,6.1866,45686388,438694411.0,7649458500.0,7126235500.0
1812,2014-07-15,sh601002,晋亿实业,9.46,9.65,9.44,9.58,9.65,-0.19,-1.9689,4.6046,34003638,323722903.0,7498847400.0,6985926200.0
1813,2014-07-16,sh601002,晋亿实业,9.22,9.48,9.03,9.4,9.46,-0.24,-2.537,4.5459,33570376,310136942.0,7308601800.0,6808693400.0
1814,2014-07-17,sh601002,晋亿实业,9.37,9.52,9.13,9.31,9.22,0.15,1.6269,4.5285,33441736,312204669.0,7427505300.0,6919463900.0
1815,2014-07-18,sh601002,晋亿实业,9.21,9.33,9.15,9.23,9.37,-0.16,-1.7076,3.1653,23374848,215531298.0,7300674900.0,6801308700.0
1816,2014-07-21,sh601002,晋亿实业,0.0,0.0,0.0,0.0,9.21,,,0.0,0,0.0,7300674900.0,6801308700.0
1817,2014-07-22,sh601002,晋亿实业,0.0,0.0,0.0,0.0,9.21,,,0.0,0,0.0,7300674900.0,6801308700.0
1818,2014-07-23,sh601002,晋亿实业,0.0,0.0,0.0,0.0,9.21,,,0.0,0,0.0,7300674900.0,6801308700.0
1819,2014-07-24,sh601002,晋亿实业,0.0,0.0,0.0,0.0,9.21,,,0.0,0,0.0,7300674900.0,6801308700.0
1820,2014-07-25,sh601002,晋亿实业,0.0,0.0,0.0,0.0,9.21,,,0.0,0,0.0,7300674900.0,6801308700.0
1821,2014-07-28,sh601002,晋亿实业,0.0,0.0,0.0,0.0,9.21,,,0.0,0,0.0,7300674900.0,6801308700.0
1822,2014-07-29,sh601002,晋亿实业,0.0,0.0,0.0,0.0,9.21,,,0.0,0,0.0,7300674900.0,6801308700.0
1823,2014-07-30,sh601002,晋亿实业,0.0,0.0,0.0,0.0,9.21,,,0.0,0,0.0,7300674900.0,6801308700.0
1824,2014-07-31,sh601002,晋亿实业,0.0,0.0,0.0,0.0,9.21,,,0.0,0,0.0,7300674900.0,6801308700.0
1825,2014-08-01,sh601002,晋亿实业,0.0,0.0,0.0,0.0,9.21,,,0.0,0,0.0,7300674900.0,6801308700.0
1826,2014-08-04,sh601002,晋亿实业,10.13,10.13,9.41,9.44,9.21,0.92,9.9891,9.3287,68889755,684911930.0,8029949700.0,7480701100.0
1827,2014-08-05,sh601002,晋亿实业,10.36,10.86,10.16,10.19,10.13,0.23,2.2705,11.3259,83638087,873858370.0,8212268400.0,7650549200.0
1828,2014-08-06,sh601002,晋亿实业,10.15,10.37,10.03,10.36,10.36,-0.21,-2.027,5.4063,39924069,405801434.0,8045803500.0,7495470500.0
1829,2014-08-07,sh601002,晋亿实业,9.98,10.31,9.92,10.1,10.15,-0.17,-1.6749,4.4936,33183599,335069624.0,7911046200.0,7369930600.0
1830,2014-08-08,sh601002,晋亿实业,10.09,10.28,10.01,10.13,9.98,0.11,1.1022,3.1752,23447531,237448494.0,7998242100.0,7451162300.0
1831,2014-08-11,sh601002,晋亿实业,10.47,10.6,10.09,10.15,10.09,0.38,3.7661,5.1757,38221269,395652043.0,8299464300.0,7731780900.0
1832,2014-08-12,sh601002,晋亿实业,10.35,10.61,10.21,10.51,10.47,-0.12,-1.1461,5.3393,39429384,410074416.0,8204341500.0,7643164500.0
1833,2014-08-13,sh601002,晋亿实业,10.23,10.33,10.06,10.25,10.35,-0.12,-1.1594,4.0047,29573397,300399328.0,8109218700.0,7554548100.0
1834,2014-08-14,sh601002,晋亿实业,10.02,10.35,10.0,10.12,10.23,-0.21,-2.0528,3.5098,25918474,263148175.0,7942753800.0,7399469400.0
1835,2014-08-15,sh601002,晋亿实业,10.1,10.18,9.91,10.04,10.02,0.08,0.7984,3.0106,22232586,223606806.0,8006169000.0,7458547000.0
1836,2014-08-18,sh601002,晋亿实业,10.17,10.34,10.1,10.16,10.1,0.07,0.6931,3.0907,22824046,232375863.0,8061657300.0,7510239900.0
1837,2014-08-19,sh601002,晋亿实业,10.15,10.22,9.97,10.22,10.17,-0.02,-0.1967,2.9676,21914782,220968502.0,8045803500.0,7495470500.0
1838,2014-08-20,sh601002,晋亿实业,10.04,10.17,9.99,10.15,10.15,-0.11,-1.0837,2.4679,18224603,183195738.0,7958607600.0,7414238800.0
1839,2014-08-21,sh601002,晋亿实业,10.29,10.32,10.01,10.04,10.04,0.25,2.49,5.3014,39149532,399187214.0,8156780100.0,7598856300.0
1840,2014-08-22,sh601002,晋亿实业,10.28,10.39,10.18,10.39,10.29,-0.01,-0.0972,3.8998,28798543,295759889.0,8148853200.0,7591471600.0
1841,2014-08-25,sh601002,晋亿实业,10.3,10.63,10.28,10.41,10.28,0.02,0.1946,4.8618,35902775,375098364.0,8164707000.0,7606241000.0
1842,2014-08-26,sh601002,晋亿实业,10.0,10.25,9.92,10.2,10.3,-0.3,-2.9126,2.8405,20976279,211492598.0,7926900000.0,7384700000.0
1843,2014-08-27,sh601002,晋亿实业,9.94,10.13,9.92,10.0,10.0,-0.06,-0.6,1.8875,13938629,139585560.0,7879338600.0,7340391800.0
1844,2014-08-28,sh601002,晋亿实业,9.65,9.97,9.62,9.92,9.94,-0.29,-2.9175,2.6516,19581440,191270735.0,7649458500.0,7126235500.0
1845,2014-08-29,sh601002,晋亿实业,9.72,9.8,9.63,9.63,9.65,0.07,0.7254,1.8069,13343577,129464945.0,7704946800.0,7177928400.0
1846,2014-09-01,sh601002,晋亿实业,9.88,9.89,9.73,9.75,9.72,0.16,1.6461,2.223,16416216,161306575.0,7831777200.0,7296083600.0
1847,2014-09-02,sh601002,晋亿实业,10.08,10.14,9.83,9.9,9.88,0.2,2.0243,2.7703,20457909,204347355.0,7990315200.0,7443777600.0
1848,2014-09-03,sh601002,晋亿实业,10.09,10.23,10.01,10.07,10.08,0.01,0.0992,2.8452,21011153,212316167.0,7998242100.0,7451162300.0
1849,2014-09-04,sh601002,晋亿实业,10.13,10.14,10.02,10.12,10.09,0.04,0.3964,2.6941,19894788,200906078.0,8029949700.0,7480701100.0
1850,2014-09-05,sh601002,晋亿实业,10.24,10.27,10.11,10.13,10.13,0.11,1.0859,3.0815,22755604,231893071.0,8117145600.0,7561932800.0
1851,2014-09-09,sh601002,晋亿实业,10.41,10.55,10.13,10.21,10.24,0.17,1.6602,5.4945,40575184,421204375.0,8251902900.0,7687472700.0
1852,2014-09-10,sh601002,晋亿实业,10.78,10.91,10.33,10.41,10.41,0.37,3.5543,7.4891,55304457,593963926.0,8545198200.0,7960706600.0
1853,2014-09-11,sh601002,晋亿实业,10.61,10.85,10.52,10.7,10.78,-0.17,-1.577,4.8657,35931897,383170447.0,8410440900.0,7835166700.0
1854,2014-09-12,sh601002,晋亿实业,10.69,10.79,10.55,10.56,10.61,0.08,0.754,3.1759,23453327,250464270.0,8473856100.0,7894244300.0
1855,2014-09-15,sh601002,晋亿实业,10.77,10.87,10.7,10.72,10.69,0.08,0.7484,3.2108,23710436,255228397.0,8537271300.0,7953321900.0
1856,2014-09-16,sh601002,晋亿实业,10.34,10.85,10.31,10.85,10.77,-0.43,-3.9926,4.2962,31726454,335106590.0,8196414600.0,7635779800.0
1857,2014-09-17,sh601002,晋亿实业,10.46,10.55,10.22,10.35,10.34,0.12,1.1605,2.9355,21677872,225780182.0,8291537400.0,7724396200.0
1858,2014-09-18,sh601002,晋亿实业,10.77,10.87,10.41,10.5,10.46,0.31,2.9637,4.3329,31997408,343251903.0,8537271300.0,7953321900.0
1859,2014-09-19,sh601002,晋亿实业,10.73,10.86,10.61,10.84,10.77,-0.04,-0.3714,2.7435,20259691,217406583.0,8505563700.0,7923783100.0
1860,2014-09-22,sh601002,晋亿实业,10.43,10.85,10.42,10.8,10.73,-0.3,-2.7959,2.6245,19380869,205287531.0,8267756700.0,7702242100.0
1861,2014-09-23,sh601002,晋亿实业,10.51,10.57,10.36,10.46,10.43,0.08,0.767,1.6635,12284728,128747429.0,8331171900.0,7761319700.0
1862,2014-09-24,sh601002,晋亿实业,10.77,10.83,10.51,10.6,10.51,0.26,2.4738,3.1932,23580966,252824558.0,8537271300.0,7953321900.0
1863,2014-09-25,sh601002,晋亿实业,11.09,11.39,10.7,10.8,10.77,0.32,2.9712,6.2604,46231392,512284362.0,8790932100.0,8189632300.0
1864,2014-09-26,sh601002,晋亿实业,11.02,11.18,10.98,11.09,11.09,-0.07,-0.6312,2.9431,21733566,240313182.0,8735443800.0,8137939400.0
1865,2014-09-29,sh601002,晋亿实业,11.3,11.44,10.97,11.02,11.02,0.28,2.5408,4.1082,30337507,340560950.0,8957397000.0,8344711000.0
1866,2014-09-30,sh601002,晋亿实业,11.41,11.66,11.22,11.29,11.3,0.11,0.9735,3.942,29110213,333130231.0,9044592900.0,8425942700.0
1867,2014-10-08,sh601002,晋亿实业,11.52,11.82,11.39,11.45,11.41,0.11,0.9641,3.758,27751936,321244647.0,9131788800.0,8507174400.0
1868,2014-10-09,sh601002,晋亿实业,11.52,11.67,11.28,11.48,11.52,0.0,0.0,4.2042,31046780,355054605.0,9131788800.0,8507174400.0
1869,2014-10-10,sh601002,晋亿实业,11.24,11.44,11.15,11.44,11.52,-0.28,-2.4306,3.372,24900920,281261289.0,8909835600.0,8300402800.0
1870,2014-10-13,sh601002,晋亿实业,11.5,11.51,11.23,11.24,11.24,0.26,2.3132,3.4603,25553121,291845286.0,9115935000.0,8492405000.0
1871,2014-10-14,sh601002,晋亿实业,11.33,11.79,11.25,11.65,11.5,-0.17,-1.4783,3.8018,28074949,324440565.0,8981177700.0,8366865100.0
1872,2014-10-15,sh601002,晋亿实业,11.24,11.46,11.03,11.27,11.33,-0.09,-0.7944,2.53,18683459,209484208.0,8909835600.0,8300402800.0
1873,2014-10-16,sh601002,晋亿实业,12.09,12.36,11.07,11.19,11.24,0.85,7.5623,9.8003,72371927,872385400.0,9583622100.0,8928102300.0
1874,2014-10-17,sh601002,晋亿实业,11.98,12.15,11.58,12.0,12.09,-0.11,-0.9098,5.9328,43811974,520858738.0,9496426200.0,8846870600.0
1875,2014-10-20,sh601002,晋亿实业,12.17,12.33,11.81,11.95,11.98,0.19,1.586,4.1686,30784177,373147586.0,9647037300.0,8987179900.0
1876,2014-10-21,sh601002,晋亿实业,12.06,12.34,12.0,12.22,12.17,-0.11,-0.9039,3.2763,24194286,294175837.0,9559841400.0,8905948200.0
1877,2014-10-22,sh601002,晋亿实业,12.44,12.88,11.8,11.97,12.06,0.38,3.1509,7.5872,56029169,691567001.0,9861063600.0,9186566800.0
1878,2014-10-23,sh601002,晋亿实业,12.65,13.28,12.21,12.26,12.44,0.21,1.6881,8.0652,59559226,758974186.0,10027528500.0,9341645500.0
1879,2014-10-24,sh601002,晋亿实业,12.34,13.14,12.22,12.7,12.65,-0.31,-2.4506,6.9039,50983350,648810427.0,9781794600.0,9112719800.0
1880,2014-10-27,sh601002,晋亿实业,13.57,13.57,12.06,12.09,12.34,1.23,9.9676,9.6415,71199242,923638114.0,10756803300.0,10021037900.0
1881,2014-10-28,sh601002,晋亿实业,14.93,14.93,13.41,13.77,13.57,1.36,10.0221,11.0482,81587987,1150903709.0,11834861700.0,11025357100.0
1882,2014-10-29,sh601002,晋亿实业,16.42,16.42,15.13,15.7,14.93,1.49,9.9799,18.9423,139883041,2230512104.0,13015969800.0,12125677400.0
1883,2014-10-30,sh601002,晋亿实业,16.58,16.88,16.07,16.1,16.42,0.16,0.9744,15.8257,116867923,1924071222.0,13142800200.0,12243832600.0
1884,2014-10-31,sh601002,晋亿实业,16.31,16.55,15.81,16.4,16.58,-0.27,-1.6285,11.1565,82387631,1333574893.0,12928773900.0,12044445700.0
1885,2014-11-03,sh601002,晋亿实业,16.07,16.76,15.93,16.25,16.31,-0.24,-1.4715,9.7534,72026072,1167438853.0,12738528300.0,11867212900.0
1886,2014-11-04,sh601002,晋亿实业,15.61,16.35,15.38,16.14,16.07,-0.46,-2.8625,12.5225,92474804,1469432358.0,12373890900.0,11527516700.0
1887,2014-11-05,sh601002,晋亿实业,15.88,15.95,15.18,15.35,15.61,0.27,1.7297,9.3552,69085510,1076591749.0,12587917200.0,11726903600.0
1888,2014-11-06,sh601002,晋亿实业,15.89,16.39,15.6,15.7,15.88,0.01,0.063,10.0121,73936457,1183216125.0,12595844100.0,11734288300.0
1889,2014-11-07,sh601002,晋亿实业,15.25,16.07,15.07,15.69,15.89,-0.64,-4.0277,9.5444,70482248,1093086373.0,12088522500.0,11261667500.0
1890,2014-11-10,sh601002,晋亿实业,15.34,15.54,14.93,15.21,15.25,0.09,0.5902,6.9784,51533693,786530541.0,12159864600.0,11328129800.0
1891,2014-11-11,sh601002,晋亿实业,14.4,15.39,14.37,15.38,15.34,-0.94,-6.1278,7.5133,55483210,821905382.0,11414736000.0,10633968000.0
1892,2014-11-12,sh601002,晋亿实业,15.84,15.84,14.41,14.44,14.4,1.44,10.0,11.9004,87881200,1337665679.0,12556209600.0,11697364800.0
1893,2014-11-13,sh601002,晋亿实业,15.45,16.27,15.27,16.08,15.84,-0.39,-2.4621,12.7531,94177459,1494277405.0,12247060500.0,11409361500.0
1894,2014-11-14,sh601002,晋亿实业,15.72,16.26,15.0,15.2,15.45,0.27,1.7476,10.0958,74554149,1177440522.0,12461086800.0,11608748400.0
1895,2014-11-17,sh601002,晋亿实业,16.5,17.22,15.35,15.72,15.72,0.78,4.9618,12.4793,92155845,1509374181.0,13079385000.0,12184755000.0
1896,2014-11-18,sh601002,晋亿实业,16.41,16.69,16.03,16.32,16.5,-0.09,-0.5455,6.8472,50564201,824362533.0,13008042900.0,12118292700.0
1897,2014-11-19,sh601002,晋亿实业,15.74,16.5,15.71,16.5,16.41,-0.67,-4.0829,6.0067,44357996,710650946.0,12476940600.0,11623517800.0
1898,2014-11-20,sh601002,晋亿实业,16.23,17.14,15.5,15.65,15.74,0.49,3.1131,9.5459,70493847,1162849279.0,12865358700.0,11985368100.0
1899,2014-11-21,sh601002,晋亿实业,16.47,16.56,16.02,16.11,16.23,0.24,1.4787,6.772,50008847,816197067.0,13055604300.0,12162600900.0
1900,2014-11-24,sh601002,晋亿实业,16.83,17.38,16.2,16.77,16.47,0.36,2.1858,10.9478,80846276,1367506885.0,13340972700.0,12428450100.0
1901,2014-11-25,sh601002,晋亿实业,18.51,18.51,16.58,16.81,16.83,1.68,9.9822,9.1857,67833360,1212346726.0,14672691900.0,13669079700.0
1902,2014-11-26,sh601002,晋亿实业,19.49,20.01,18.98,19.45,18.51,0.98,5.2944,14.4224,106505228,2065272114.0,15449528100.0,14392780300.0
1903,2014-11-27,sh601002,晋亿实业,19.18,19.71,18.71,19.55,19.49,-0.31,-1.5906,9.7238,71807076,1369136612.0,15203794200.0,14163854600.0
1904,2014-11-28,sh601002,晋亿实业,20.16,20.6,18.5,19.05,19.18,0.98,5.1095,13.1894,97399691,1890539499.0,15980630400.0,14887555200.0
1905,2014-12-01,sh601002,晋亿实业,18.82,19.9,18.79,19.7,20.16,-1.34,-6.6468,9.2609,68388745,1322216244.0,14918425800.0,13898005400.0
1906,2014-12-02,sh601002,晋亿实业,18.98,19.18,18.52,18.65,18.82,0.16,0.8502,6.6365,49008594,929210988.0,15045256200.0,14016160600.0
1907,2014-12-03,sh601002,晋亿实业,19.0,19.88,18.41,19.2,18.98,0.02,0.1054,8.0703,59596605,1138940477.0,15061110000.0,14030930000.0
1908,2014-12-04,sh601002,晋亿实业,19.77,20.0,18.81,18.9,19.0,0.77,4.0526,10.8823,80362158,1568060788.0,15671481300.0,14599551900.0
1909,2014-12-05,sh601002,晋亿实业,18.56,19.52,18.0,19.51,19.77,-1.21,-6.1204,9.2551,68346083,1282850560.0,14712326400.0,13706003200.0
1910,2014-12-08,sh601002,晋亿实业,18.93,19.74,17.72,18.01,18.56,0.37,1.9935,9.4493,69780099,1317970873.0,15005621700.0,13979237100.0
1911,2014-12-09,sh601002,晋亿实业,17.16,19.37,17.04,18.5,18.93,-1.77,-9.3502,9.7759,72192266,1328157681.0,13602560400.0,12672145200.0
1912,2014-12-10,sh601002,晋亿实业,17.54,17.74,16.6,16.8,17.16,0.38,2.2145,5.6193,41496579,714618351.0,13903782600.0,12952763800.0
1913,2014-12-11,sh601002,晋亿实业,17.91,18.39,17.62,17.65,17.54,0.37,2.1095,4.1893,30936863,555713234.0,14197077900.0,13225997700.0
1914,2014-12-12,sh601002,晋亿实业,19.49,19.5,18.31,18.31,17.91,1.58,8.8219,9.8872,73013757,1391296996.0,15449528100.0,14392780300.0
1915,2014-12-15,sh601002,晋亿实业,19.54,20.4,19.0,19.4,19.49,0.05,0.2565,8.9827,66334455,1305547794.0,15489162600.0,14429703800.0
1916,2014-12-16,sh601002,晋亿实业,19.4,20.2,18.85,19.54,19.54,-0.14,-0.7165,7.7376,57140029,1107659719.0,15378186000.0,14326318000.0
1917,2014-12-17,sh601002,晋亿实业,19.56,20.09,19.11,19.41,19.4,0.16,0.8247,7.178,53007196,1040181086.0,15505016400.0,14444473200.0
1918,2014-12-18,sh601002,晋亿实业,19.99,20.09,19.01,19.6,19.56,0.43,2.1984,9.3825,69286882,1363622251.0,15845873100.0,14762015300.0
1919,2014-12-19,sh601002,晋亿实业,21.57,21.9,19.99,20.24,19.99,1.58,7.904,14.1379,104404446,2198295859.0,17098323300.0,15928797900.0
1920,2014-12-22,sh601002,晋亿实业,19.41,22.95,19.41,21.78,21.57,-2.16,-10.0139,13.4097,99026615,2068223578.0,15386112900.0,14333702700.0
1921,2014-12-23,sh601002,晋亿实业,18.14,19.77,17.5,18.8,19.41,-1.27,-6.543,7.5283,55594011,1024575682.0,14379396600.0,13395845800.0
1922,2014-12-24,sh601002,晋亿实业,18.32,18.63,17.81,18.14,18.14,0.18,0.9923,4.0465,29881957,542472703.0,14522080800.0,13528770400.0
1923,2014-12-25,sh601002,晋亿实业,19.68,19.82,18.37,18.58,18.32,1.36,7.4236,6.3037,46550779,890544502.0,15600139200.0,14533089600.0
1924,2014-12-26,sh601002,晋亿实业,19.38,19.98,19.0,19.68,19.68,-0.3,-1.5244,7.0952,52395680,1020112091.0,15362332200.0,14311548600.0
1925,2014-12-29,sh601002,晋亿实业,18.69,19.37,18.6,19.09,19.38,-0.69,-3.5604,5.4524,40264557,760884724.0,14815376100.0,13802004300.0
1926,2014-12-30,sh601002,晋亿实业,20.56,20.56,18.35,18.5,18.69,1.87,10.0054,9.2446,68268695,1336936915.0,16297706400.0,15182943200.0
1927,2014-12-31,sh601002,晋亿实业,19.41,22.38,19.3,21.93,20.56,-1.15,-5.5934,13.2311,97707368,2033995295.0,15386112900.0,14333702700.0
1928,2015-01-05,sh601002,晋亿实业,18.86,19.37,18.35,19.14,19.41,-0.55,-2.8336,7.1951,53133970,998383012.0,14950133400.0,13927544200.0
1929,2015-01-06,sh601002,晋亿实业,19.31,19.46,18.53,18.76,18.86,0.45,2.386,5.8466,43175399,823830674.0,15306843900.0,14259855700.0
1930,2015-01-07,sh601002,晋亿实业,18.96,19.38,18.75,19.26,19.31,-0.35,-1.8125,4.2813,31616327,600856900.0,15029402400.0,14001391200.0
1931,2015-01-08,sh601002,晋亿实业,18.07,19.08,18.02,18.74,18.96,-0.89,-4.6941,5.5014,40625954,748976915.0,14323908300.0,13344152900.0
1932,2015-01-09,sh601002,晋亿实业,17.91,18.52,17.79,17.9,18.07,-0.16,-0.8854,3.7757,27882203,506155651.0,14197077900.0,13225997700.0
1933,2015-01-12,sh601002,晋亿实业,16.8,17.87,16.75,17.86,17.91,-1.11,-6.1977,4.1942,30973253,531775456.0,13317192000.0,12406296000.0
1934,2015-01-13,sh601002,晋亿实业,17.05,17.19,16.71,16.77,16.8,0.25,1.4881,2.2725,16781739,285456437.0,13515364500.0,12590913500.0
1935,2015-01-14,sh601002,晋亿实业,16.59,17.19,16.48,17.05,17.05,-0.46,-2.6979,2.206,16290878,273799646.0,13150727100.0,12251217300.0
1936,2015-01-15,sh601002,晋亿实业,17.42,17.6,16.59,16.59,16.59,0.83,5.003,3.4225,25273862,435580808.0,13808659800.0,12864147400.0
1937,2015-01-16,sh601002,晋亿实业,17.56,18.08,17.17,17.3,17.42,0.14,0.8037,4.0497,29906021,528061298.0,13919636400.0,12967533200.0
1938,2015-01-19,sh601002,晋亿实业,15.92,17.01,15.8,16.48,17.56,-1.64,-9.3394,4.676,34531033,564846637.0,12619624800.0,11756442400.0
1939,2015-01-20,sh601002,晋亿实业,16.59,16.75,16.2,16.2,15.92,0.67,4.2085,3.3933,25058144,414214953.0,13150727100.0,12251217300.0
1940,2015-01-21,sh601002,晋亿实业,17.04,17.34,16.7,16.7,16.59,0.45,2.7125,3.6144,26691212,454680759.0,13507437600.0,12583528800.0
1941,2015-01-22,sh601002,晋亿实业,17.25,17.35,16.92,17.07,17.04,0.21,1.2324,3.0472,22502846,385429902.0,13673902500.0,12738607500.0
1942,2015-01-23,sh601002,晋亿实业,17.06,17.49,17.04,17.36,17.25,-0.19,-1.1014,2.7432,20257774,348904980.0,13523291400.0,12598298200.0
1943,2015-01-26,sh601002,晋亿实业,17.37,17.38,16.9,17.08,17.06,0.31,1.8171,2.3792,17569547,302341214.0,13769025300.0,12827223900.0
1944,2015-01-27,sh601002,晋亿实业,17.9,17.97,17.26,17.5,17.37,0.53,3.0512,4.929,36398825,642333763.0,14189151000.0,13218613000.0
1945,2015-01-28,sh601002,晋亿实业,17.75,17.96,17.56,17.8,17.9,-0.15,-0.838,3.0165,22276010,394662863.0,14070247500.0,13107842500.0
1946,2015-01-29,sh601002,晋亿实业,17.55,17.95,17.47,17.6,17.75,-0.2,-1.1268,2.4538,18120296,321224313.0,13911709500.0,12960148500.0
1947,2015-01-30,sh601002,晋亿实业,16.68,17.68,16.6,17.49,17.55,-0.87,-4.9573,3.4291,25323163,431196420.0,13222069200.0,12317679600.0
1948,2015-02-02,sh601002,晋亿实业,15.73,16.2,15.62,16.01,16.68,-0.95,-5.6954,2.7101,20013478,318745217.0,12469013700.0,11616133100.0
1949,2015-02-03,sh601002,晋亿实业,16.09,16.17,15.92,15.93,15.73,0.36,2.2886,1.5236,11251074,180449656.0,12754382100.0,11881982300.0
1950,2015-02-04,sh601002,晋亿实业,16.39,16.64,15.98,16.1,16.09,0.3,1.8645,2.5676,18961170,308656888.0,12992189100.0,12103523300.0
1951,2015-02-05,sh601002,晋亿实业,15.91,16.57,15.88,16.5,16.39,-0.48,-2.9286,2.0806,15364690,247255742.0,12611697900.0,11749057700.0
1952,2015-02-06,sh601002,晋亿实业,15.55,16.04,15.42,16.0,15.91,-0.36,-2.2627,1.6398,12109435,191029693.0,12326329500.0,11483208500.0
1953,2015-02-09,sh601002,晋亿实业,15.29,15.58,15.15,15.55,15.55,-0.26,-1.672,1.4241,10516706,161276782.0,12120230100.0,11291206300.0
1954,2015-02-10,sh601002,晋亿实业,16.15,16.35,15.25,15.3,15.29,0.86,5.6246,2.8531,21069192,336238781.0,12801943500.0,11926290500.0
1955,2015-02-11,sh601002,晋亿实业,16.12,16.18,15.91,16.0,16.15,-0.03,-0.1858,1.6985,12542680,201108900.0,12778162800.0,11904136400.0
1956,2015-02-12,sh601002,晋亿实业,16.42,16.86,16.03,16.16,16.12,0.3,1.861,2.8976,21398237,353398673.0,13015969800.0,12125677400.0
1957,2015-02-13,sh601002,晋亿实业,16.45,16.54,16.34,16.54,16.42,0.03,0.1827,1.7817,13156993,216367016.0,13039750500.0,12147831500.0
1958,2015-02-16,sh601002,晋亿实业,16.45,16.56,16.35,16.46,16.45,0.0,0.0,1.6293,12031793,197799866.0,13039750500.0,12147831500.0
1959,2015-02-17,sh601002,晋亿实业,16.42,16.77,16.4,16.49,16.45,-0.03,-0.1824,1.3134,9699270,160052993.0,13015969800.0,12125677400.0
1960,2015-02-25,sh601002,晋亿实业,16.76,16.79,16.42,16.53,16.42,0.34,2.0706,2.0533,15162876,252544912.0,13285484400.0,12376757200.0
1961,2015-02-26,sh601002,晋亿实业,17.07,17.17,16.31,16.7,16.76,0.31,1.8496,3.4892,25767012,435298443.0,13531218300.0,12605682900.0
1962,2015-02-27,sh601002,晋亿实业,16.99,17.27,16.89,17.0,17.07,-0.08,-0.4687,2.7396,20230841,345346375.0,13467803100.0,12546605300.0
1963,2015-03-02,sh601002,晋亿实业,17.08,17.18,16.86,17.01,16.99,0.09,0.5297,2.5183,18597065,316479902.0,13539145200.0,12613067600.0
1964,2015-03-03,sh601002,晋亿实业,17.21,17.38,16.97,17.08,17.08,0.13,0.7611,4.0164,29659658,509135309.0,13642194900.0,12709068700.0
1965,2015-03-04,sh601002,晋亿实业,17.08,17.33,17.01,17.28,17.21,-0.13,-0.7554,2.3453,17318968,296257746.0,13539145200.0,12613067600.0
1966,2015-03-05,sh601002,晋亿实业,17.25,17.68,16.45,17.03,17.08,0.17,0.9953,4.8545,35849362,608837520.0,13673902500.0,12738607500.0
1967,2015-03-06,sh601002,晋亿实业,16.83,17.4,16.73,17.17,17.25,-0.42,-2.4348,2.4441,18048627,306970151.0,13340972700.0,12428450100.0
1968,2015-03-09,sh601002,晋亿实业,16.81,16.95,16.5,16.7,16.83,-0.02,-0.1188,1.357,10020739,168005235.0,13325118900.0,12413680700.0
1969,2015-03-10,sh601002,晋亿实业,16.73,16.96,16.7,16.83,16.81,-0.08,-0.4759,1.5185,11213800,188257993.0,13261703700.0,12354603100.0
1970,2015-03-11,sh601002,晋亿实业,16.72,16.87,16.6,16.73,16.73,-0.01,-0.0598,1.4933,11027811,184383497.0,13253776800.0,12347218400.0
1971,2015-03-12,sh601002,晋亿实业,16.79,16.85,16.59,16.7,16.72,0.07,0.4187,1.7864,13191731,220528131.0,13309265100.0,12398911300.0
1972,2015-03-13,sh601002,晋亿实业,17.1,17.34,16.78,16.85,16.79,0.31,1.8463,3.1538,23290105,397567495.0,13554999000.0,12627837000.0
1973,2015-03-16,sh601002,晋亿实业,17.36,17.42,17.17,17.18,17.1,0.26,1.5205,3.3126,24462306,423468412.0,13761098400.0,12819839200.0
1974,2015-03-17,sh601002,晋亿实业,18.59,18.96,17.49,17.49,17.36,1.23,7.0853,9.3444,69005611,1263939935.0,14736107100.0,13728157300.0
1975,2015-03-18,sh601002,晋亿实业,18.8,18.86,18.27,18.59,18.59,0.21,1.1296,6.9181,51087826,953504513.0,14902572000.0,13883236000.0
1976,2015-03-19,sh601002,晋亿实业,19.18,19.88,18.52,18.8,18.8,0.38,2.0213,8.6041,63538554,1225823042.0,15203794200.0,14163854600.0
1977,2015-03-20,sh601002,晋亿实业,18.85,19.2,18.64,19.2,19.18,-0.33,-1.7205,5.3872,39783000,749241253.0,14942206500.0,13920159500.0
1978,2015-03-23,sh601002,晋亿实业,19.03,19.29,18.88,18.95,18.85,0.18,0.9549,5.2604,38846475,739949218.0,15084890700.0,14053084100.0
1979,2015-03-24,sh601002,晋亿实业,18.48,19.02,17.97,19.01,19.03,-0.55,-2.8902,6.3265,46719621,862686050.0,14648911200.0,13646925600.0
1980,2015-03-25,sh601002,晋亿实业,18.63,18.85,18.05,18.43,18.48,0.15,0.8117,4.6521,34354507,632154378.0,14767814700.0,13757696100.0
1981,2015-03-26,sh601002,晋亿实业,19.65,19.98,18.25,18.46,18.63,1.02,5.475,9.6203,71042960,1362431753.0,15576358500.0,14510935500.0
1982,2015-03-27,sh601002,晋亿实业,19.18,19.56,19.05,19.31,19.65,-0.47,-2.3919,5.0045,36956403,711964666.0,15203794200.0,14163854600.0
1983,2015-03-30,sh601002,晋亿实业,19.89,20.07,19.21,19.21,19.18,0.71,3.7018,8.2347,60810918,1208124241.0,15766604100.0,14688168300.0
1984,2015-03-31,sh601002,晋亿实业,19.62,20.18,19.45,19.97,19.89,-0.27,-1.3575,5.6896,42016053,827502603.0,15552577800.0,14488781400.0
1985,2015-04-01,sh601002,晋亿实业,19.77,19.83,19.41,19.64,19.62,0.15,0.7645,4.5674,33728915,662252885.0,15671481300.0,14599551900.0
1986,2015-04-02,sh601002,晋亿实业,20.46,20.77,19.62,19.79,19.77,0.69,3.4901,8.7676,64746225,1312028112.0,16218437400.0,15109096200.0
1987,2015-04-03,sh601002,晋亿实业,20.34,20.42,20.02,20.26,20.46,-0.12,-0.5865,5.184,38282595,774595262.0,16123314600.0,15020479800.0
1988,2015-04-07,sh601002,晋亿实业,20.37,20.88,20.1,20.68,20.34,0.03,0.1475,5.4489,40238263,820220524.0,16147095300.0,15042633900.0
1989,2015-04-08,sh601002,晋亿实业,20.58,21.17,20.26,20.43,20.37,0.21,1.0309,8.3644,61768774,1278799654.0,16313560200.0,15197712600.0
1990,2015-04-09,sh601002,晋亿实业,19.29,20.57,18.8,20.42,20.58,-1.29,-6.2682,6.6612,49191092,961246680.0,15290990100.0,14245086300.0
1991,2015-04-10,sh601002,晋亿实业,19.98,20.12,18.96,19.29,19.29,0.69,3.577,5.3118,39225890,768324942.0,15837946200.0,14754630600.0
1992,2015-04-13,sh601002,晋亿实业,21.14,21.9,20.08,20.3,19.98,1.16,5.8058,9.9347,73364478,1533268625.0,16757466600.0,15611255800.0
1993,2015-04-14,sh601002,晋亿实业,21.3,22.42,20.5,21.15,21.14,0.16,0.7569,9.1029,67221967,1446110821.0,16884297000.0,15729411000.0
1994,2015-04-15,sh601002,晋亿实业,21.31,22.1,20.53,21.15,21.3,0.01,0.0469,9.1205,67351874,1450491378.0,16892223900.0,15736795700.0
1995,2015-04-16,sh601002,晋亿实业,21.18,21.21,19.9,20.7,21.31,-0.13,-0.61,6.5532,48393600,1007119608.0,16789174200.0,15640794600.0
1996,2015-04-17,sh601002,晋亿实业,22.19,22.86,21.23,21.23,21.18,1.01,4.7686,11.5096,84994610,1878472325.0,17589791100.0,16386649300.0
1997,2015-04-20,sh601002,晋亿实业,22.9,24.0,21.53,22.0,22.19,0.71,3.1996,13.4633,99422783,2261139571.0,18152601000.0,16910963000.0
1998,2015-04-21,sh601002,晋亿实业,22.45,22.79,21.57,22.5,22.9,-0.45,-1.9651,7.8203,57750725,1281635238.0,17795890500.0,16578651500.0
1999,2015-04-22,sh601002,晋亿实业,22.77,23.23,22.12,22.3,22.45,0.32,1.4254,7.864,58073247,1319434569.0,18049551300.0,16814961900.0
2000,2015-04-23,sh601002,晋亿实业,23.68,24.55,23.3,23.3,22.77,0.91,3.9965,10.1822,75192859,1796496555.0,18770899200.0,17486969600.0
2001,2015-04-24,sh601002,晋亿实业,22.88,23.51,22.28,23.15,23.68,-0.8,-3.3784,7.3004,53911452,1231153249.0,18136747200.0,16896193600.0
2002,2015-04-27,sh601002,晋亿实业,23.09,23.3,22.31,23.0,22.88,0.21,0.9178,6.0629,44772927,1019870748.0,18303212100.0,17051272300.0
2003,2015-04-28,sh601002,晋亿实业,20.8,22.49,20.78,22.48,23.09,-2.29,-9.9177,9.6165,71014876,1523149581.0,16487952000.0,15360176000.0
2004,2015-04-29,sh601002,晋亿实业,20.29,20.76,19.6,20.76,20.8,-0.51,-2.4519,5.0882,37574835,758001395.0,16083680100.0,14983556300.0
2005,2015-04-30,sh601002,晋亿实业,20.11,20.48,20.0,20.3,20.29,-0.18,-0.8871,3.6758,27144396,549110923.0,15940995900.0,14850631700.0
2006,2015-05-04,sh601002,晋亿实业,20.77,20.97,20.46,20.47,20.11,0.66,3.2819,3.9668,29293585,607039308.0,16464171300.0,15338021900.0
2007,2015-05-05,sh601002,晋亿实业,19.48,21.16,19.35,20.78,20.77,-1.29,-6.2109,3.831,28290574,575117102.0,15441601200.0,14385395600.0
2008,2015-05-06,sh601002,晋亿实业,19.08,19.88,18.83,19.48,19.48,-0.4,-2.0534,3.4382,25390387,491850771.0,15124525200.0,14090007600.0
2009,2015-05-07,sh601002,晋亿实业,18.01,19.4,17.91,19.16,19.08,-1.07,-5.608,3.3818,24973330,464348425.0,14276346900.0,13299844700.0
2010,2015-05-08,sh601002,晋亿实业,18.83,18.85,18.01,18.21,18.01,0.82,4.553,3.0933,22842943,418422344.0,14926352700.0,13905390100.0
2011,2015-05-11,sh601002,晋亿实业,19.38,19.48,18.67,18.9,18.83,0.55,2.9209,3.5691,26356432,504727288.0,15362332200.0,14311548600.0
2012,2015-05-12,sh601002,晋亿实业,19.89,19.95,19.19,19.49,19.38,0.51,2.6316,4.4019,32506373,636040453.0,15766604100.0,14688168300.0
2013,2015-05-13,sh601002,晋亿实业,19.59,20.55,19.48,19.89,19.89,-0.3,-1.5083,4.7314,34940291,702814111.0,15528797100.0,14466627300.0
2014,2015-05-14,sh601002,晋亿实业,19.44,19.84,18.89,19.77,19.59,-0.15,-0.7657,3.8083,28123489,541966168.0,15409893600.0,14355856800.0
2015,2015-05-15,sh601002,晋亿实业,19.76,20.28,19.66,19.66,19.44,0.32,1.6461,4.7837,35326432,705894170.0,15663554400.0,14592167200.0
2016,2015-05-18,sh601002,晋亿实业,19.94,20.39,18.95,19.74,19.76,0.18,0.9109,4.1012,30286213,598819832.0,15806238600.0,14725091800.0
2017,2015-05-19,sh601002,晋亿实业,20.78,21.13,19.74,19.97,19.94,0.84,4.2126,5.7624,42553625,866912898.0,16472098200.0,15345406600.0
2018,2015-05-20,sh601002,晋亿实业,20.9,21.11,20.53,20.9,20.78,0.12,0.5775,6.4603,47707230,994317010.0,16567221000.0,15434023000.0
2019,2015-05-21,sh601002,晋亿实业,21.99,22.0,20.86,20.99,20.9,1.09,5.2153,7.0703,52212382,1113872256.0,17431253100.0,16238955300.0
2020,2015-05-22,sh601002,晋亿实业,21.79,22.15,21.5,21.99,21.99,-0.2,-0.9095,6.9514,51334146,1121043879.0,17272715100.0,16091261300.0
2021,2015-05-25,sh601002,晋亿实业,22.37,22.58,21.4,21.5,21.79,0.58,2.6618,6.9811,51553606,1130282668.0,17732475300.0,16519573900.0
2022,2015-05-26,sh601002,晋亿实业,22.38,22.86,21.78,22.37,22.37,0.01,0.0447,7.3787,54489273,1216983038.0,17740402200.0,16526958600.0
2023,2015-05-27,sh601002,晋亿实业,21.45,22.47,21.35,22.41,22.38,-0.93,-4.1555,6.1664,45536666,988037701.0,17003200500.0,15840181500.0
2024,2015-05-28,sh601002,晋亿实业,19.32,22.05,19.31,21.81,21.45,-2.13,-9.9301,6.2008,45791188,971999047.0,15314770800.0,14267240400.0
2025,2015-05-29,sh601002,晋亿实业,18.87,19.8,17.88,19.35,19.32,-0.45,-2.3292,4.5542,33631739,636571695.0,14958060300.0,13934928900.0
2026,2015-06-01,sh601002,晋亿实业,20.39,20.76,18.93,18.93,18.87,1.52,8.0551,4.592,33910306,669597872.0,16162949100.0,15057403300.0
2027,2015-06-02,sh601002,晋亿实业,21.44,21.75,20.36,20.85,20.39,1.05,5.1496,5.456,40290602,844641451.0,16995273600.0,15832796800.0
2028,2015-06-03,sh601002,晋亿实业,22.46,22.58,21.2,21.44,21.44,1.02,4.7575,9.3465,69020823,1525364375.0,17803817400.0,16586036200.0
2029,2015-06-04,sh601002,晋亿实业,21.96,22.46,20.35,22.46,22.46,-0.5,-2.2262,5.5587,41049335,887113713.0,17407472400.0,16216801200.0
2030,2015-06-05,sh601002,晋亿实业,24.16,24.16,21.71,22.06,21.96,2.2,10.0182,14.1321,104361616,2413269061.0,19151390400.0,17841435200.0
2031,2015-06-08,sh601002,晋亿实业,22.76,24.45,22.63,24.45,24.16,-1.4,-5.7947,10.2783,75901891,1762547521.0,18041624400.0,16807577200.0
2032,2015-06-09,sh601002,晋亿实业,21.76,22.85,21.51,22.79,22.76,-1.0,-4.3937,6.4122,47352177,1036715329.0,17248934400.0,16069107200.0
2033,2015-06-10,sh601002,晋亿实业,22.08,22.3,21.11,21.61,21.76,0.32,1.4706,6.0581,44737342,979213958.0,17502595200.0,16305417600.0
2034,2015-06-11,sh601002,晋亿实业,21.84,22.39,21.42,22.18,22.08,-0.24,-1.087,5.3152,39250815,856777978.0,17312349600.0,16128184800.0
2035,2015-06-12,sh601002,晋亿实业,21.39,21.96,21.31,21.9,21.84,-0.45,-2.0604,6.3728,47061278,1011782958.0,16955639100.0,15795873300.0
2036,2015-06-15,sh601002,晋亿实业,21.9,23.0,20.99,21.4,21.39,0.51,2.3843,7.181,53029747,1151022019.0,17359911000.0,16172493000.0
2037,2015-06-16,sh601002,晋亿实业,22.47,22.56,21.2,21.6,21.9,0.57,2.6027,8.8063,65032163,1445284773.0,17811744300.0,16593420900.0
2038,2015-06-17,sh601002,晋亿实业,22.78,23.49,22.22,22.56,22.47,0.31,1.3796,12.4942,92265825,2115674815.0,18057478200.0,16822346600.0
2039,2015-06-18,sh601002,晋亿实业,20.5,22.12,20.5,22.09,22.78,-2.28,-10.0088,8.5679,63271232,1336390603.0,16250145000.0,15138635000.0
2040,2015-06-19,sh601002,晋亿实业,18.45,19.7,18.45,19.25,20.5,-2.05,-10.0,5.5171,40742162,769133447.0,14625130500.0,13624771500.0
2041,2015-06-23,sh601002,晋亿实业,18.0,18.46,16.61,18.01,18.45,-0.45,-2.439,5.1555,38072078,666461370.0,14268420000.0,13292460000.0
2042,2015-06-24,sh601002,晋亿实业,18.22,18.31,17.58,18.24,18.0,0.22,1.2222,5.1314,37893673,684549111.0,14442811800.0,13454923400.0
2043,2015-06-25,sh601002,晋亿实业,18.67,19.55,17.5,18.24,18.22,0.45,2.4698,7.4232,54817944,1014989765.0,14799522300.0,13787234900.0
2044,2015-06-26,sh601002,晋亿实业,16.8,18.39,16.8,17.9,18.67,-1.87,-10.0161,3.9366,29070820,512649143.0,13317192000.0,12406296000.0
2045,2015-06-29,sh601002,晋亿实业,15.12,17.63,15.12,17.45,16.8,-1.68,-10.0,4.6062,34015146,534018027.0,11985472800.0,11165666400.0
2046,2015-06-30,sh601002,晋亿实业,15.82,16.2,13.61,13.61,15.12,0.7,4.6296,6.4091,47328918,695620951.0,12540355800.0,11682595400.0
2047,2015-07-01,sh601002,晋亿实业,14.24,15.9,14.24,15.48,15.82,-1.58,-9.9874,3.973,29339165,447324565.0,11287905600.0,10515812800.0
2048,2015-07-02,sh601002,晋亿实业,12.82,14.35,12.82,14.1,14.24,-1.42,-9.9719,4.2758,31575478,421274821.0,10162285800.0,9467185400.0
2049,2015-07-03,sh601002,晋亿实业,11.54,12.59,11.54,11.72,12.82,-1.28,-9.9844,4.4379,32772730,384426362.0,9147642600.0,8521943800.0
2050,2015-07-06,sh601002,晋亿实业,10.39,12.47,10.39,12.43,11.54,-1.15,-9.9653,6.6301,48961058,541934629.0,8236049100.0,7672703300.0
2051,2015-07-07,sh601002,晋亿实业,9.35,9.87,9.35,9.6,10.39,-1.04,-10.0096,2.7603,20384045,191802021.0,7411651500.0,6904694500.0
2052,2015-07-08,sh601002,晋亿实业,8.66,9.2,8.42,8.42,9.35,-0.69,-7.3797,13.4697,99469760,859390752.0,6864695400.0,6395150200.0
2053,2015-07-09,sh601002,晋亿实业,9.53,9.53,8.26,8.26,8.66,0.87,10.0462,4.6454,34305229,316829227.0,7554335700.0,7037619100.0
2054,2015-07-10,sh601002,XD晋亿实,10.37,10.37,9.65,9.98,9.43,0.94,9.9682,3.1768,23459562,240045455.0,8220195300.0,7657933900.0
2055,2015-07-13,sh601002,晋亿实业,11.41,11.41,10.68,11.0,10.37,1.04,10.0289,5.1089,37727819,420332204.0,9044592900.0,8425942700.0
2056,2015-07-14,sh601002,晋亿实业,11.9,12.35,11.18,11.5,11.41,0.49,4.2945,8.4285,62242257,735392777.0,9433011000.0,8787793000.0
2057,2015-07-15,sh601002,晋亿实业,10.71,11.6,10.71,11.49,11.9,-1.19,-10.0,3.7241,27501005,303363517.0,8489709900.0,7909013700.0
2058,2015-07-16,sh601002,晋亿实业,10.73,11.25,9.71,10.71,10.71,0.02,0.1867,3.9835,29417316,313751738.0,8505563700.0,7923783100.0
2059,2015-07-17,sh601002,晋亿实业,11.61,11.78,10.75,10.75,10.73,0.88,8.2013,4.1929,30963373,352730709.0,9203130900.0,8573636700.0
2060,2015-07-20,sh601002,晋亿实业,11.88,12.17,11.46,11.65,11.61,0.27,2.3256,5.201,38408009,456303917.0,9417157200.0,8773023600.0
2061,2015-07-21,sh601002,晋亿实业,13.07,13.07,11.4,11.63,11.88,1.19,10.0168,7.9149,58448903,739347175.0,10360458300.0,9651802900.0
2062,2015-07-22,sh601002,晋亿实业,12.7,13.37,12.25,13.0,13.07,-0.37,-2.8309,8.1377,60094172,765478161.0,10067163000.0,9378569000.0
2063,2015-07-23,sh601002,晋亿实业,12.99,13.1,12.42,12.55,12.7,0.29,2.2835,5.0959,37632056,481366506.0,10297043100.0,9592725300.0
2064,2015-07-24,sh601002,晋亿实业,12.65,13.54,12.42,12.88,12.99,-0.34,-2.6174,6.0717,44837608,585641802.0,10027528500.0,9341645500.0
2065,2015-07-27,sh601002,晋亿实业,11.39,12.49,11.39,12.02,12.65,-1.26,-9.9605,3.7973,28041898,337131199.0,9028739100.0,8411173300.0
2066,2015-07-28,sh601002,晋亿实业,10.25,11.13,10.25,10.66,11.39,-1.14,-10.0088,4.9873,36829352,384693563.0,8125072500.0,7569317500.0
2067,2015-07-29,sh601002,晋亿实业,11.02,11.2,10.1,10.51,10.25,0.77,7.5122,4.1929,30963342,326656477.0,8735443800.0,8137939400.0
2068,2015-07-30,sh601002,晋亿实业,10.84,11.84,10.71,10.76,11.02,-0.18,-1.6334,5.0536,37319229,419573938.0,8592759600.0,8005014800.0
2069,2015-07-31,sh601002,晋亿实业,11.25,11.75,10.77,10.9,10.84,0.41,3.7823,5.2739,38946109,441351178.0,8917762500.0,8307787500.0
2070,2015-08-03,sh601002,晋亿实业,10.22,11.24,10.13,11.22,11.25,-1.03,-9.1556,3.9174,28928614,303300881.0,8101291800.0,7547163400.0
2071,2015-08-04,sh601002,晋亿实业,11.03,11.04,10.24,10.24,10.22,0.81,7.9256,3.1713,23419019,249452971.0,8743370700.0,8145324100.0
2072,2015-08-05,sh601002,晋亿实业,11.13,11.67,10.8,11.04,11.03,0.1,0.9066,4.5721,33763365,378574426.0,8822639700.0,8219171100.0
2073,2015-08-06,sh601002,晋亿实业,10.83,11.12,10.52,10.7,11.13,-0.3,-2.6954,2.5168,18586061,202117828.0,8584832700.0,7997630100.0
2074,2015-08-07,sh601002,晋亿实业,11.29,11.38,10.93,10.98,10.83,0.46,4.2475,3.3214,24527521,274331618.0,8949470100.0,8337326300.0
2075,2015-08-10,sh601002,晋亿实业,12.0,12.13,11.45,11.68,11.29,0.71,6.2888,4.8223,35611528,420451165.0,9512280000.0,8861640000.0
2076,2015-08-11,sh601002,晋亿实业,12.03,12.2,11.81,11.9,12.0,0.03,0.25,4.9394,36475996,438412787.0,9536060700.0,8883794100.0
2077,2015-08-12,sh601002,晋亿实业,11.99,12.48,11.68,11.8,12.03,-0.04,-0.3325,4.477,33061253,398729728.0,9504353100.0,8854255300.0
2078,2015-08-13,sh601002,晋亿实业,12.35,12.38,11.73,11.86,11.99,0.36,3.0025,4.2974,31735190,383076666.0,9789721500.0,9120104500.0
2079,2015-08-14,sh601002,晋亿实业,12.51,12.98,12.29,12.47,12.35,0.16,1.2955,5.3509,39514833,498693596.0,9916551900.0,9238259700.0
2080,2015-08-17,sh601002,晋亿实业,12.77,12.82,12.01,12.35,12.51,0.26,2.0783,4.1455,30613090,379873724.0,10122651300.0,9430261900.0
2081,2015-08-18,sh601002,晋亿实业,11.49,12.89,11.49,12.79,12.77,-1.28,-10.0235,4.6615,34423768,421237471.0,9108008100.0,8485020300.0
2082,2015-08-19,sh601002,晋亿实业,11.61,11.77,10.5,10.72,11.49,0.12,1.0444,3.6636,27054889,301034437.0,9203130900.0,8573636700.0
2083,2015-08-20,sh601002,晋亿实业,11.01,11.82,11.0,11.48,11.61,-0.6,-5.168,2.9242,21594368,246526288.0,8727516900.0,8130554700.0
2084,2015-08-21,sh601002,晋亿实业,10.0,10.99,9.91,10.73,11.01,-1.01,-9.1735,2.7276,20142680,210950627.0,7926900000.0,7384700000.0
2085,2015-08-24,sh601002,晋亿实业,9.0,9.75,9.0,9.75,10.0,-1.0,-10.0,2.0724,15304282,139336378.0,7134210000.0,6646230000.0
2086,2015-08-25,sh601002,晋亿实业,8.1,8.48,8.1,8.12,9.0,-0.9,-10.0,2.23,16467617,134560862.0,6420789000.0,5981607000.0
2087,2015-08-26,sh601002,晋亿实业,7.49,8.48,7.45,8.1,8.1,-0.61,-7.5309,3.0818,22758532,181968792.0,5937248100.0,5531140300.0
2088,2015-08-27,sh601002,晋亿实业,8.24,8.24,7.51,7.79,7.49,0.75,10.0134,3.336,24635446,195150658.0,6531765600.0,6084992800.0
2089,2015-08-28,sh601002,晋亿实业,9.06,9.06,8.3,8.49,8.24,0.82,9.9515,4.8568,35865908,315310113.0,7181771400.0,6690538200.0
2090,2015-08-31,sh601002,晋亿实业,9.25,9.53,8.57,9.06,9.06,0.19,2.0971,5.1947,38361550,344408524.0,7332382500.0,6830847500.0
2091,2015-09-01,sh601002,晋亿实业,8.33,8.89,8.33,8.8,9.25,-0.92,-9.9459,2.955,21821630,186240525.0,6603107700.0,6151455100.0
2092,2015-09-02,sh601002,晋亿实业,7.84,8.56,7.63,7.78,8.33,-0.49,-5.8824,2.5273,18663597,150794605.0,6214689600.0,5789604800.0
2093,2015-09-07,sh601002,晋亿实业,8.05,8.42,7.95,8.06,7.84,0.21,2.6786,2.2946,16944982,138532297.0,6381154500.0,5944683500.0
2094,2015-09-08,sh601002,晋亿实业,8.48,8.5,7.89,7.97,8.05,0.43,5.3416,1.9694,14543605,119281610.0,6722011200.0,6262225600.0
2095,2015-09-09,sh601002,晋亿实业,8.87,9.03,8.48,8.55,8.48,0.39,4.5991,3.5089,25912335,227940502.0,7031160300.0,6550228900.0
2096,2015-09-10,sh601002,晋亿实业,8.6,8.84,8.56,8.71,8.87,-0.27,-3.044,1.9016,14042420,122276649.0,6817134000.0,6350842000.0
2097,2015-09-11,sh601002,晋亿实业,8.68,8.79,8.5,8.59,8.6,0.08,0.9302,1.6255,12003582,103879564.0,6880549200.0,6409919600.0
2098,2015-09-14,sh601002,晋亿实业,7.83,9.1,7.81,8.91,8.68,-0.85,-9.7926,3.1711,23417785,196991851.0,6206762700.0,5782220100.0
2099,2015-09-15,sh601002,晋亿实业,7.26,7.97,7.15,7.59,7.83,-0.57,-7.2797,2.2618,16702406,126293255.0,5754929400.0,5361292200.0
2100,2015-09-16,sh601002,晋亿实业,7.99,7.99,7.33,7.41,7.26,0.73,10.0551,2.0734,15311761,117137689.0,6333593100.0,5900375300.0
2101,2015-09-17,sh601002,晋亿实业,8.79,8.79,7.99,8.1,7.99,0.8,10.0125,4.861,35896915,307677089.0,6967745100.0,6491151300.0
2102,2015-09-18,sh601002,晋亿实业,9.67,9.67,9.59,9.67,8.79,0.88,10.0114,5.6722,41887654,405031923.0,7665312300.0,7141004900.0
2103,2015-09-21,sh601002,晋亿实业,10.56,10.6,9.96,10.0,9.67,0.89,9.2037,12.5879,92958164,953079903.0,8370806400.0,7798243200.0
2104,2015-09-22,sh601002,晋亿实业,10.9,11.45,10.2,10.2,10.56,0.34,3.2197,11.5472,85272823,924474074.0,8640321000.0,8049323000.0
2105,2015-09-23,sh601002,晋亿实业,10.62,11.0,10.28,10.36,10.9,-0.28,-2.5688,8.8832,65599716,693181120.0,8418367800.0,7842551400.0
2106,2015-09-24,sh601002,晋亿实业,11.68,11.68,10.11,10.68,10.62,1.06,9.9812,10.492,77479947,845208250.0,9258619200.0,8625329600.0
2107,2015-09-25,sh601002,晋亿实业,10.73,11.79,10.55,11.68,11.68,-0.95,-8.1336,9.778,72207735,806306034.0,8505563700.0,7923783100.0
2108,2015-09-28,sh601002,晋亿实业,11.02,11.2,10.34,10.42,10.73,0.29,2.7027,6.3149,46633762,508258312.0,8735443800.0,8137939400.0
2109,2015-09-29,sh601002,晋亿实业,10.61,10.88,10.38,10.66,11.02,-0.41,-3.7205,5.1008,37668179,399624444.0,8410440900.0,7835166700.0
2110,2015-09-30,sh601002,晋亿实业,11.0,11.36,10.8,10.9,10.61,0.39,3.6758,7.6894,56783561,628988072.0,8719590000.0,8123170000.0
2111,2015-10-08,sh601002,晋亿实业,11.41,11.98,11.02,11.48,11.0,0.41,3.7273,8.7336,64494665,739532401.0,9044592900.0,8425942700.0
2112,2015-10-09,sh601002,晋亿实业,11.56,11.7,11.01,11.21,11.41,0.15,1.3146,7.1132,52529058,594417232.0,9163496400.0,8536713200.0
2113,2015-10-12,sh601002,晋亿实业,11.8,12.3,11.47,11.68,11.56,0.24,2.0761,14.8981,110017676,1301993191.0,9353742000.0,8713946000.0
2114,2015-10-13,sh601002,晋亿实业,12.33,12.35,11.4,11.61,11.8,0.53,4.4915,11.999,88609352,1065424270.0,9773867700.0,9105335100.0
2115,2015-10-14,sh601002,晋亿实业,13.55,13.56,12.5,12.77,12.33,1.22,9.8946,19.5211,144157524,1894492798.0,10740949500.0,10006268500.0
2116,2015-10-15,sh601002,晋亿实业,13.86,13.88,13.0,13.14,13.55,0.31,2.2878,16.8596,124503331,1670274814.0,10986683400.0,10235194200.0
2117,2015-10-16,sh601002,晋亿实业,14.31,14.45,13.3,13.65,13.86,0.45,3.2468,15.2314,112479326,1569650463.0,11343393900.0,10567505700.0
2118,2015-10-19,sh601002,晋亿实业,14.05,14.87,13.99,14.43,14.31,-0.26,-1.8169,12.6823,93655192,1339856029.0,11137294500.0,10375503500.0
2119,2015-10-20,sh601002,晋亿实业,14.91,15.0,13.29,13.95,14.05,0.86,6.121,11.6072,85715942,1194818024.0,11819007900.0,11010587700.0
2120,2015-10-21,sh601002,晋亿实业,13.42,15.2,13.42,14.5,14.91,-1.49,-9.9933,11.0628,81695677,1169183746.0,10637899800.0,9910267400.0
2121,2015-10-22,sh601002,晋亿实业,13.55,13.96,12.34,12.9,13.42,0.13,0.9687,10.9493,80856963,1066938030.0,10740949500.0,10006268500.0
2122,2015-10-23,sh601002,晋亿实业,13.27,13.6,13.01,13.46,13.55,-0.28,-2.0664,8.4303,62255143,826974144.0,10518996300.0,9799496900.0
2123,2015-10-26,sh601002,晋亿实业,13.18,13.54,13.08,13.5,13.27,-0.09,-0.6782,5.6834,41969966,556989006.0,10447654200.0,9733034600.0
2124,2015-10-27,sh601002,晋亿实业,13.29,13.39,12.6,13.2,13.18,0.11,0.8346,6.6437,49061404,642393273.0,10534850100.0,9814266300.0
2125,2015-10-28,sh601002,晋亿实业,13.22,14.2,12.95,13.15,13.29,-0.07,-0.5267,9.0399,66757314,903792837.0,10479361800.0,9762573400.0
2126,2015-10-29,sh601002,晋亿实业,13.0,13.45,12.71,13.06,13.22,-0.22,-1.6641,5.4161,39996617,522124145.0,10304970000.0,9600110000.0
2127,2015-10-30,sh601002,晋亿实业,12.93,13.4,12.88,13.01,13.0,-0.07,-0.5385,4.8485,35804894,471248951.0,10249481700.0,9548417100.0
2128,2015-11-02,sh601002,晋亿实业,12.1,12.98,12.05,12.12,12.93,-0.83,-6.4192,5.0952,37626745,466439574.0,9591549000.0,8935487000.0
2129,2015-11-03,sh601002,晋亿实业,11.7,12.3,11.56,12.17,12.1,-0.4,-3.3058,4.0262,29732644,353840154.0,9274473000.0,8640099000.0
2130,2015-11-04,sh601002,晋亿实业,12.6,12.69,11.82,11.85,11.7,0.9,7.6923,5.6688,41862078,510407980.0,9987894000.0,9304722000.0
2131,2015-11-05,sh601002,晋亿实业,12.8,13.32,12.13,12.6,12.6,0.2,1.5873,9.2079,67997635,879284342.0,10146432000.0,9452416000.0
2132,2015-11-06,sh601002,晋亿实业,12.85,12.95,12.5,12.66,12.8,0.05,0.3906,6.1977,45768480,583798546.0,10186066500.0,9489339500.0
2133,2015-11-09,sh601002,晋亿实业,12.89,13.03,12.58,12.64,12.85,0.04,0.3113,5.843,43148434,554601020.0,10217774100.0,9518878300.0
2134,2015-11-10,sh601002,晋亿实业,13.31,13.7,12.72,12.81,12.89,0.42,3.2583,8.7369,64519645,853090949.0,10550703900.0,9829035700.0
2135,2015-11-11,sh601002,晋亿实业,13.08,13.27,12.91,13.03,13.31,-0.23,-1.728,5.5687,41123135,537319490.0,10368385200.0,9659187600.0
2136,2015-11-12,sh601002,晋亿实业,13.2,13.5,13.0,13.08,13.08,0.12,0.9174,7.3233,54080615,717738449.0,10463508000.0,9747804000.0
2137,2015-11-13,sh601002,晋亿实业,12.34,13.0,12.3,13.0,13.2,-0.86,-6.5152,6.2945,46482963,585655314.0,9781794600.0,9112719800.0
2138,2015-11-16,sh601002,晋亿实业,12.44,12.6,11.71,12.0,12.34,0.1,0.8104,3.388,25019516,306534227.0,9861063600.0,9186566800.0
2139,2015-11-17,sh601002,晋亿实业,12.72,13.2,12.48,12.56,12.44,0.28,2.2508,6.4284,47472113,609577203.0,10083016800.0,9393338400.0
2140,2015-11-18,sh601002,晋亿实业,12.36,13.08,12.26,12.75,12.72,-0.36,-2.8302,4.5115,33316300,425355994.0,9797648400.0,9127489200.0
2141,2015-11-19,sh601002,晋亿实业,12.76,12.79,12.26,12.36,12.36,0.4,3.2362,3.5237,26021134,325646235.0,10114724400.0,9422877200.0
2142,2015-11-20,sh601002,晋亿实业,14.04,14.04,12.88,13.0,12.76,1.28,10.0313,16.9858,125435248,1737534565.0,11129367600.0,10368118800.0
2143,2015-11-23,sh601002,晋亿实业,13.61,14.1,13.51,13.87,14.04,-0.43,-3.0627,10.944,80818351,1112269134.0,10788510900.0,10050576700.0
2144,2015-11-24,sh601002,晋亿实业,13.51,13.87,13.03,13.75,13.61,-0.1,-0.7348,6.1612,45498770,608488003.0,10709241900.0,9976729700.0
2145,2015-11-25,sh601002,晋亿实业,13.69,13.83,13.32,13.55,13.51,0.18,1.3323,5.7589,42527988,578656922.0,10851926100.0,10109654300.0
2146,2015-11-26,sh601002,晋亿实业,13.27,14.03,13.24,13.95,13.69,-0.42,-3.0679,5.3024,39156402,530628204.0,10518996300.0,9799496900.0
2147,2015-11-27,sh601002,晋亿实业,11.94,13.24,11.94,13.21,13.27,-1.33,-10.0226,6.2951,46487105,581908608.0,9464718600.0,8817331800.0
2148,2015-11-30,sh601002,晋亿实业,11.69,12.1,10.82,11.85,11.94,-0.25,-2.0938,4.7039,34737179,399852992.0,9266546100.0,8632714300.0
2149,2015-12-01,sh601002,晋亿实业,11.72,11.88,11.48,11.6,11.69,0.03,0.2566,3.0749,22707361,264299317.0,9290326800.0,8654868400.0
2150,2015-12-02,sh601002,晋亿实业,11.72,11.78,11.0,11.73,11.72,0.0,0.0,2.7642,20412759,236003015.0,9290326800.0,8654868400.0
2151,2015-12-03,sh601002,晋亿实业,11.94,11.97,11.71,11.76,11.72,0.22,1.8771,2.6362,19467203,230880741.0,9464718600.0,8817331800.0
2152,2015-12-04,sh601002,晋亿实业,12.27,12.38,11.77,11.89,11.94,0.33,2.7638,4.8051,35484240,429533398.0,9726306300.0,9061026900.0
2153,2015-12-07,sh601002,晋亿实业,12.08,12.22,11.94,12.17,12.27,-0.19,-1.5485,3.0573,22577545,272643828.0,9575695200.0,8920717600.0
2154,2015-12-08,sh601002,晋亿实业,11.36,11.95,11.33,11.94,12.08,-0.72,-5.9603,3.4847,25733234,297376090.0,9004958400.0,8389019200.0
2155,2015-12-09,sh601002,晋亿实业,11.11,11.39,11.02,11.2,11.36,-0.25,-2.2007,2.5442,18788520,209968057.0,8806785900.0,8204401700.0
2156,2015-12-10,sh601002,晋亿实业,11.18,11.36,11.02,11.02,11.11,0.07,0.6301,2.0072,14822392,165885019.0,8862274200.0,8256094600.0
2157,2015-12-11,sh601002,晋亿实业,10.98,11.15,10.91,11.11,11.18,-0.2,-1.7889,1.6854,12446494,137040659.0,8703736200.0,8108400600.0
2158,2015-12-14,sh601002,晋亿实业,11.39,11.48,10.8,10.89,10.98,0.41,3.7341,2.0667,15261780,170661060.0,9028739100.0,8411173300.0
2159,2015-12-15,sh601002,晋亿实业,11.35,11.47,11.29,11.4,11.39,-0.04,-0.3512,1.6947,12514887,142189034.0,8997031500.0,8381634500.0
2160,2015-12-16,sh601002,晋亿实业,11.39,11.63,11.33,11.35,11.35,0.04,0.3524,2.0381,15050412,172470418.0,9028739100.0,8411173300.0
2161,2015-12-17,sh601002,晋亿实业,11.66,11.82,11.41,11.53,11.39,0.27,2.3705,3.1257,23082063,268080595.0,9242765400.0,8610560200.0
2162,2015-12-18,sh601002,晋亿实业,11.71,12.06,11.6,11.63,11.66,0.05,0.4288,3.8365,28331180,334993282.0,9282399900.0,8647483700.0
2163,2015-12-21,sh601002,晋亿实业,11.77,11.95,11.55,11.75,11.71,0.06,0.5124,3.0956,22860227,268531080.0,9329961300.0,8691791900.0
2164,2015-12-22,sh601002,晋亿实业,11.83,11.89,11.67,11.77,11.77,0.06,0.5098,2.333,17228663,202509171.0,9377522700.0,8736100100.0
2165,2015-12-23,sh601002,晋亿实业,11.82,12.18,11.6,11.89,11.83,-0.01,-0.0845,4.7873,35352751,421221934.0,9369595800.0,8728715400.0
2166,2015-12-24,sh601002,晋亿实业,11.67,11.84,11.39,11.72,11.82,-0.15,-1.269,2.4886,18377900,213918882.0,9250692300.0,8617944900.0
2167,2015-12-25,sh601002,晋亿实业,11.74,11.85,11.58,11.67,11.67,0.07,0.5998,2.2435,16567663,194200231.0,9306180600.0,8669637800.0
2168,2015-12-28,sh601002,晋亿实业,11.26,11.9,11.22,11.77,11.74,-0.48,-4.0886,2.8735,21220296,246755208.0,8925689400.0,8315172200.0
2169,2015-12-29,sh601002,晋亿实业,11.72,11.74,11.1,11.26,11.26,0.46,4.0853,2.9134,21514549,245177069.0,9290326800.0,8654868400.0
2170,2015-12-30,sh601002,晋亿实业,11.73,11.99,11.61,11.9,11.72,0.01,0.0853,2.9248,21598719,253692931.0,9298253700.0,8662253100.0
2171,2015-12-31,sh601002,晋亿实业,11.53,11.88,11.5,11.61,11.73,-0.2,-1.705,2.3252,17170626,200397731.0,9139715700.0,8514559100.0
2172,2016-01-04,sh601002,晋亿实业,10.38,11.63,10.38,11.55,11.53,-1.15,-9.974,2.1345,15762698,172431764.0,8228122200.0,7665318600.0
2173,2016-01-05,sh601002,晋亿实业,10.01,10.45,9.56,9.78,10.38,-0.37,-3.5645,2.836,20942980,209139238.0,7934826900.0,7392084700.0
2174,2016-01-06,sh601002,晋亿实业,10.34,10.49,10.06,10.06,10.01,0.33,3.2967,2.4387,18008819,184378673.0,8196414600.0,7635779800.0
2175,2016-01-07,sh601002,晋亿实业,9.31,10.2,9.31,10.1,10.34,-1.03,-9.9613,0.7076,5225101,50425759.0,7379943900.0,6875155700.0
2176,2016-01-08,sh601002,晋亿实业,9.4,9.7,8.71,9.55,9.31,0.09,0.9667,2.5817,19064877,178939813.0,7451286000.0,6941618000.0
2177,2016-01-11,sh601002,晋亿实业,9.53,10.24,9.02,9.25,9.4,0.13,1.383,4.7407,35008323,340496355.0,7554335700.0,7037619100.0
2178,2016-01-12,sh601002,晋亿实业,9.4,9.76,9.05,9.58,9.53,-0.13,-1.3641,2.8248,20860573,196452258.0,7451286000.0,6941618000.0
2179,2016-01-13,sh601002,晋亿实业,8.69,9.52,8.66,9.32,9.4,-0.71,-7.5532,2.5842,19083585,173899740.0,6888476100.0,6417304300.0
2180,2016-01-14,sh601002,晋亿实业,8.96,9.04,8.2,8.38,8.69,0.27,3.107,2.4788,18305298,158609499.0,7102502400.0,6616691200.0
2181,2016-01-15,sh601002,晋亿实业,8.31,8.95,8.2,8.9,8.96,-0.65,-7.2545,2.3132,17082137,146916204.0,6587253900.0,6136685700.0
2182,2016-01-18,sh601002,晋亿实业,8.63,8.91,8.33,8.36,8.31,0.32,3.8508,2.5688,18970089,164027140.0,6840914700.0,6372996100.0
2183,2016-01-19,sh601002,晋亿实业,9.49,9.49,8.65,8.69,8.63,0.86,9.9652,4.7691,35218166,322603502.0,7522628100.0,7008080300.0
2184,2016-01-20,sh601002,晋亿实业,9.24,9.59,9.15,9.4,9.49,-0.25,-2.6344,3.9477,29152238,271984628.0,7324455600.0,6823462800.0
2185,2016-01-21,sh601002,晋亿实业,8.64,9.23,8.58,9.0,9.24,-0.6,-6.4935,2.8577,21103233,189680847.0,6848841600.0,6380380800.0
2186,2016-01-22,sh601002,晋亿实业,9.07,9.18,8.66,8.78,8.64,0.43,4.9769,2.7405,20237504,180725215.0,7189698300.0,6697922900.0
2187,2016-01-25,sh601002,晋亿实业,9.15,9.2,8.98,9.12,9.07,0.08,0.882,2.2306,16472262,149683459.0,7253113500.0,6757000500.0
2188,2016-01-26,sh601002,晋亿实业,8.24,9.03,8.24,9.01,9.15,-0.91,-9.9454,2.5994,19195695,165696065.0,6531765600.0,6084992800.0
2189,2016-01-27,sh601002,晋亿实业,8.1,8.37,7.51,8.22,8.24,-0.14,-1.699,2.4277,17928061,143211154.0,6420789000.0,5981607000.0
2190,2016-01-28,sh601002,晋亿实业,7.72,8.28,7.6,7.98,8.1,-0.38,-4.6914,1.8426,13607177,108907896.0,6119566800.0,5700988400.0
2191,2016-01-29,sh601002,晋亿实业,8.0,8.19,7.66,7.73,7.72,0.28,3.6269,2.0017,14782213,118221015.0,6341520000.0,5907760000.0
2192,2016-02-01,sh601002,晋亿实业,7.8,8.06,7.58,7.9,8.0,-0.2,-2.5,1.5308,11304740,88874908.0,6182982000.0,5760066000.0
2193,2016-02-02,sh601002,晋亿实业,8.09,8.22,7.8,7.86,7.8,0.29,3.7179,1.7374,12830327,103430544.0,6412862100.0,5974222300.0
2194,2016-02-03,sh601002,晋亿实业,8.14,8.2,7.88,8.0,8.09,0.05,0.618,1.7052,12592673,101605781.0,6452496600.0,6011145800.0
2195,2016-02-04,sh601002,晋亿实业,8.27,8.37,8.13,8.15,8.14,0.13,1.5971,1.6399,12110358,99970951.0,6555546300.0,6107146900.0
2196,2016-02-05,sh601002,晋亿实业,8.32,8.59,8.16,8.28,8.27,0.05,0.6046,2.1071,15560229,129574968.0,6595180800.0,6144070400.0
2197,2016-02-15,sh601002,晋亿实业,8.1,8.21,7.9,8.01,8.32,-0.22,-2.6442,1.2087,8925952,71857177.0,6420789000.0,5981607000.0
2198,2016-02-16,sh601002,晋亿实业,8.47,8.56,8.14,8.18,8.1,0.37,4.5679,2.0726,15305809,128543798.0,6714084300.0,6254840900.0
2199,2016-02-17,sh601002,晋亿实业,8.59,8.76,8.37,8.42,8.47,0.12,1.4168,2.6557,19611342,168283702.0,6809207100.0,6343457300.0
2200,2016-02-18,sh601002,晋亿实业,8.6,8.82,8.54,8.76,8.59,0.01,0.1164,2.3276,17188936,148998103.0,6817134000.0,6350842000.0
2201,2016-02-19,sh601002,晋亿实业,8.72,8.75,8.51,8.57,8.6,0.12,1.3953,1.9945,14729015,127093970.0,6912256800.0,6439458400.0
2202,2016-02-22,sh601002,晋亿实业,8.9,9.04,8.74,8.84,8.72,0.18,2.0642,2.1675,16006415,141760886.0,7054941000.0,6572383000.0
2203,2016-02-23,sh601002,晋亿实业,8.7,8.91,8.56,8.91,8.9,-0.2,-2.2472,1.9401,14326693,125027251.0,6896403000.0,6424689000.0
2204,2016-02-24,sh601002,晋亿实业,9.04,9.1,8.65,8.68,8.7,0.34,3.908,3.1638,23363836,206749077.0,7165917600.0,6675768800.0
2205,2016-02-25,sh601002,晋亿实业,8.14,8.97,8.14,8.91,9.04,-0.9,-9.9558,3.135,23151176,196398586.0,6452496600.0,6011145800.0
2206,2016-02-26,sh601002,晋亿实业,8.19,8.37,7.91,8.21,8.14,0.05,0.6143,1.7905,13222599,107772953.0,6492131100.0,6048069300.0
2207,2016-02-29,sh601002,晋亿实业,7.56,8.26,7.41,8.2,8.19,-0.63,-7.6923,2.2764,16810598,128094703.0,5992736400.0,5582833200.0
2208,2016-03-01,sh601002,晋亿实业,7.72,7.79,7.51,7.62,7.56,0.16,2.1164,1.6452,12149063,93158285.0,6119566800.0,5700988400.0
2209,2016-03-02,sh601002,晋亿实业,8.09,8.13,7.69,7.71,7.72,0.37,4.7927,2.0474,15119156,120212060.0,6412862100.0,5974222300.0
2210,2016-03-03,sh601002,晋亿实业,8.35,8.46,8.0,8.0,8.09,0.26,3.2138,3.1654,23375346,193594802.0,6618961500.0,6166224500.0
2211,2016-03-04,sh601002,晋亿实业,7.99,8.39,7.88,8.25,8.35,-0.36,-4.3114,2.46,18166279,147957107.0,6333593100.0,5900375300.0
2212,2016-03-07,sh601002,晋亿实业,8.18,8.27,8.0,8.1,7.99,0.19,2.378,1.7893,13213427,107795802.0,6484204200.0,6040684600.0
2213,2016-03-08,sh601002,晋亿实业,8.13,8.15,7.75,8.15,8.18,-0.05,-0.6112,1.8815,13894432,110702557.0,6444569700.0,6003761100.0
2214,2016-03-09,sh601002,晋亿实业,8.18,8.38,7.79,7.96,8.13,0.05,0.615,2.8479,21030591,172513281.0,6484204200.0,6040684600.0
2215,2016-03-10,sh601002,晋亿实业,7.91,8.18,7.88,8.1,8.18,-0.27,-3.3007,1.9547,14435154,115552181.0,6270177900.0,5841297700.0
2216,2016-03-11,sh601002,晋亿实业,7.86,8.02,7.8,7.82,7.91,-0.05,-0.6321,1.2628,9325623,73617198.0,6230543400.0,5804374200.0
2217,2016-03-14,sh601002,晋亿实业,8.17,8.31,7.87,7.95,7.86,0.31,3.944,2.227,16445385,134057128.0,6476277300.0,6033299900.0
2218,2016-03-15,sh601002,晋亿实业,8.09,8.18,8.0,8.0,8.17,-0.08,-0.9792,1.4665,10829787,87539415.0,6412862100.0,5974222300.0
2219,2016-03-16,sh601002,晋亿实业,7.97,8.2,7.93,8.09,8.09,-0.12,-1.4833,1.2347,9117672,73333973.0,6317739300.0,5885605900.0
2220,2016-03-17,sh601002,晋亿实业,8.23,8.25,7.97,8.01,7.97,0.26,3.2622,2.3126,17077737,139240808.0,6523838700.0,6077608100.0
2221,2016-03-18,sh601002,晋亿实业,8.57,8.67,8.25,8.3,8.23,0.34,4.1312,3.9425,29114107,246505716.0,6793353300.0,6328687900.0
2222,2016-03-21,sh601002,晋亿实业,8.74,8.97,8.54,8.62,8.57,0.17,1.9837,3.7984,28050309,244824907.0,6928110600.0,6454227800.0
2223,2016-03-22,sh601002,晋亿实业,8.58,8.76,8.52,8.67,8.74,-0.16,-1.8307,2.9395,21706957,187080779.0,6801280200.0,6336072600.0
2224,2016-03-23,sh601002,晋亿实业,8.64,8.69,8.54,8.56,8.58,0.06,0.6993,2.1139,15610808,134421763.0,6848841600.0,6380380800.0
2225,2016-03-24,sh601002,晋亿实业,8.45,8.8,8.44,8.59,8.64,-0.19,-2.1991,3.4182,25242410,217145091.0,6698230500.0,6240071500.0
2226,2016-03-25,sh601002,晋亿实业,8.54,8.58,8.38,8.4,8.45,0.09,1.0651,1.8402,13589191,115331340.0,6769572600.0,6306533800.0
2227,2016-03-28,sh601002,晋亿实业,8.45,8.7,8.42,8.6,8.54,-0.09,-1.0539,1.9765,14595959,125276763.0,6698230500.0,6240071500.0
2228,2016-03-29,sh601002,晋亿实业,8.24,8.46,8.16,8.39,8.45,-0.21,-2.4852,1.5328,11319028,93952506.0,6531765600.0,6084992800.0
2229,2016-03-30,sh601002,晋亿实业,8.52,8.54,8.28,8.31,8.24,0.28,3.3981,1.7645,13030592,109533980.0,6753718800.0,6291764400.0
2230,2016-03-31,sh601002,晋亿实业,8.51,8.66,8.49,8.56,8.52,-0.01,-0.1174,1.9458,14368993,123180427.0,6745791900.0,6284379700.0
2231,2016-04-01,sh601002,晋亿实业,8.65,8.68,8.33,8.51,8.51,0.14,1.6451,2.3341,17236359,146591659.0,6856768500.0,6387765500.0
2232,2016-04-05,sh601002,晋亿实业,8.81,8.86,8.54,8.65,8.65,0.16,1.8497,2.9942,22111214,193267389.0,6983598900.0,6505920700.0
2233,2016-04-06,sh601002,晋亿实业,9.06,9.3,8.68,8.74,8.81,0.25,2.8377,4.6676,34468694,309489953.0,7181771400.0,6690538200.0
2234,2016-04-07,sh601002,晋亿实业,8.72,9.08,8.71,8.98,9.06,-0.34,-3.7528,3.0643,22628815,200382558.0,6912256800.0,6439458400.0
2235,2016-04-08,sh601002,晋亿实业,8.59,8.69,8.5,8.63,8.72,-0.13,-1.4908,1.7389,12841370,110286856.0,6809207100.0,6343457300.0
2236,2016-04-11,sh601002,晋亿实业,8.76,8.91,8.62,8.62,8.59,0.17,1.979,1.9844,14654239,128932308.0,6943964400.0,6468997200.0
2237,2016-04-12,sh601002,晋亿实业,8.69,8.83,8.56,8.76,8.76,-0.07,-0.7991,1.3943,10296362,89200716.0,6888476100.0,6417304300.0
2238,2016-04-13,sh601002,晋亿实业,8.83,8.94,8.75,8.75,8.69,0.14,1.611,2.6596,19640673,174326835.0,6999452700.0,6520690100.0
2239,2016-04-14,sh601002,晋亿实业,9.27,9.6,8.8,8.9,8.83,0.44,4.983,5.4027,39897331,367873595.0,7348236300.0,6845616900.0
2240,2016-04-15,sh601002,晋亿实业,9.04,9.2,8.94,9.08,9.27,-0.23,-2.4811,3.7726,27859790,252651261.0,7165917600.0,6675768800.0
2241,2016-04-18,sh601002,晋亿实业,8.82,8.95,8.73,8.89,9.04,-0.22,-2.4336,2.27,16763576,147933489.0,6991525800.0,6513305400.0
2242,2016-04-19,sh601002,晋亿实业,8.83,8.92,8.76,8.88,8.82,0.01,0.1134,1.4356,10601239,93572781.0,6999452700.0,6520690100.0
2243,2016-04-20,sh601002,晋亿实业,8.3,8.89,8.17,8.86,8.83,-0.53,-6.0023,3.0252,22340281,189440436.0,6579327000.0,6129301000.0
2244,2016-04-21,sh601002,晋亿实业,8.31,8.5,8.25,8.33,8.3,0.01,0.1205,1.7847,13179476,110671710.0,6587253900.0,6136685700.0
2245,2016-04-22,sh601002,晋亿实业,8.34,8.35,8.15,8.2,8.31,0.03,0.361,1.1126,8216068,67976519.0,6611034600.0,6158839800.0
2246,2016-04-25,sh601002,晋亿实业,8.23,8.3,8.09,8.25,8.34,-0.11,-1.3189,1.0193,7527120,61724462.0,6523838700.0,6077608100.0
2247,2016-04-26,sh601002,晋亿实业,8.39,8.42,8.19,8.2,8.23,0.16,1.9441,1.2706,9382946,78100206.0,6650669100.0,6195763300.0
2248,2016-04-27,sh601002,晋亿实业,8.28,8.42,8.24,8.4,8.39,-0.11,-1.3111,1.0496,7750725,64661095.0,6563473200.0,6114531600.0
2249,2016-04-28,sh601002,晋亿实业,8.26,8.39,8.1,8.38,8.28,-0.02,-0.2415,1.1374,8399025,69273757.0,6547619400.0,6099762200.0
2250,2016-04-29,sh601002,晋亿实业,8.22,8.35,8.2,8.25,8.26,-0.04,-0.4843,1.0095,7454498,61615559.0,6515911800.0,6070223400.0
2251,2016-05-03,sh601002,晋亿实业,8.47,8.48,8.23,8.28,8.22,0.25,3.0414,1.5448,11407686,95815951.0,6714084300.0,6254840900.0
2252,2016-05-04,sh601002,晋亿实业,8.47,8.55,8.39,8.45,8.47,0.0,0.0,1.4885,10991865,92988422.0,6714084300.0,6254840900.0
2253,2016-05-05,sh601002,晋亿实业,8.5,8.53,8.37,8.44,8.47,0.03,0.3542,1.0691,7894864,66754376.0,6737865000.0,6276995000.0
2254,2016-05-06,sh601002,晋亿实业,8.14,8.53,8.13,8.53,8.5,-0.36,-4.2353,2.0075,14824877,123097341.0,6452496600.0,6011145800.0
2255,2016-05-09,sh601002,晋亿实业,7.77,8.13,7.73,8.13,8.14,-0.37,-4.5455,1.4621,10797465,84957550.0,6159201300.0,5737911900.0
2256,2016-05-10,sh601002,晋亿实业,7.86,7.94,7.74,7.8,7.77,0.09,1.1583,0.8836,6525042,51128310.0,6230543400.0,5804374200.0
2257,2016-05-11,sh601002,晋亿实业,7.85,8.01,7.78,7.94,7.86,-0.01,-0.1272,1.2158,8978387,70929909.0,6222616500.0,5796989500.0
2258,2016-05-12,sh601002,晋亿实业,7.76,7.83,7.51,7.74,7.85,-0.09,-1.1465,1.1318,8358052,64240269.0,6151274400.0,5730527200.0
2259,2016-05-13,sh601002,晋亿实业,7.69,7.85,7.62,7.77,7.76,-0.07,-0.9021,0.9319,6881663,53332419.0,6095786100.0,5678834300.0
2260,2016-05-16,sh601002,晋亿实业,7.86,7.88,7.69,7.71,7.69,0.17,2.2107,0.9277,6850480,53545200.0,6230543400.0,5804374200.0
2261,2016-05-17,sh601002,晋亿实业,7.8,7.89,7.73,7.84,7.86,-0.06,-0.7634,0.7845,5793338,45278386.0,6182982000.0,5760066000.0
2262,2016-05-18,sh601002,晋亿实业,7.61,7.8,7.57,7.8,7.8,-0.19,-2.4359,0.9913,7320286,55910119.0,6032370900.0,5619756700.0
2263,2016-05-19,sh601002,晋亿实业,7.63,7.8,7.61,7.63,7.61,0.02,0.2628,0.6758,4990539,38373338.0,6048224700.0,5634526100.0
2264,2016-05-20,sh601002,晋亿实业,7.69,7.7,7.56,7.56,7.63,0.06,0.7864,0.5826,4302099,32935438.0,6095786100.0,5678834300.0
2265,2016-05-23,sh601002,晋亿实业,7.79,7.83,7.7,7.79,7.69,0.1,1.3004,0.9056,6687661,52063915.0,6175055100.0,5752681300.0
2266,2016-05-24,sh601002,晋亿实业,7.73,7.79,7.67,7.73,7.79,-0.06,-0.7702,0.7727,5706282,44077736.0,6127493700.0,5708373100.0
2267,2016-05-25,sh601002,晋亿实业,7.71,7.86,7.69,7.78,7.73,-0.02,-0.2587,0.6732,4971286,38591227.0,6111639900.0,5693603700.0
2268,2016-05-26,sh601002,晋亿实业,7.72,7.77,7.51,7.72,7.71,0.01,0.1297,0.8653,6389707,48717562.0,6119566800.0,5700988400.0
2269,2016-05-27,sh601002,晋亿实业,7.68,7.75,7.62,7.71,7.72,-0.04,-0.5181,0.7193,5311817,40825533.0,6087859200.0,5671449600.0
2270,2016-05-30,sh601002,晋亿实业,7.81,8.08,7.66,7.7,7.68,0.13,1.6927,2.1956,16213910,127979653.0,6190908900.0,5767450700.0
2271,2016-05-31,sh601002,晋亿实业,8.08,8.09,7.74,7.74,7.81,0.27,3.4571,2.4707,18245019,145355657.0,6404935200.0,5966837600.0
2272,2016-06-01,sh601002,晋亿实业,8.04,8.17,8.01,8.06,8.08,-0.04,-0.495,1.6519,12198836,98442297.0,6373227600.0,5937298800.0
2273,2016-06-02,sh601002,晋亿实业,8.07,8.08,8.0,8.06,8.04,0.03,0.3731,1.1371,8397217,67484977.0,6397008300.0,5959452900.0
2274,2016-06-03,sh601002,晋亿实业,8.05,8.11,8.01,8.09,8.07,-0.02,-0.2478,1.2036,8888271,71604994.0,6381154500.0,5944683500.0
2275,2016-06-06,sh601002,晋亿实业,8.09,8.21,8.02,8.05,8.05,0.04,0.4969,1.3537,9996455,80901149.0,6412862100.0,5974222300.0
2276,2016-06-07,sh601002,晋亿实业,8.04,8.1,8.01,8.04,8.09,-0.05,-0.618,0.9597,7086954,56945353.0,6373227600.0,5937298800.0
2277,2016-06-08,sh601002,晋亿实业,8.07,8.14,8.01,8.1,8.04,0.03,0.3731,1.2594,9300624,75179550.0,6397008300.0,5959452900.0
2278,2016-06-13,sh601002,晋亿实业,7.6,7.97,7.59,7.97,8.07,-0.47,-5.824,1.5414,11382989,89088602.0,6024444000.0,5612372000.0
2279,2016-06-14,sh601002,晋亿实业,7.82,7.9,7.58,7.6,7.6,0.22,2.8947,1.5362,11344060,87956998.0,6198835800.0,5774835400.0
2280,2016-06-15,sh601002,晋亿实业,8.01,8.07,7.66,7.7,7.82,0.19,2.4297,1.6618,12272127,97298986.0,6349446900.0,5915144700.0
2281,2016-06-16,sh601002,晋亿实业,8.06,8.3,7.88,8.01,8.01,0.05,0.6242,2.2766,16812024,135984745.0,6389081400.0,5952068200.0
2282,2016-06-17,sh601002,晋亿实业,8.06,8.17,8.01,8.08,8.06,0.0,0.0,1.697,12532187,101378745.0,6389081400.0,5952068200.0
2283,2016-06-20,sh601002,晋亿实业,8.0,8.1,7.9,8.06,8.06,-0.06,-0.7444,0.9909,7317722,58355623.0,6341520000.0,5907760000.0
2284,2016-06-21,sh601002,晋亿实业,8.31,8.8,8.03,8.06,8.0,0.31,3.875,4.3191,31895249,265610087.0,6587253900.0,6136685700.0
2285,2016-06-22,sh601002,晋亿实业,8.54,8.65,8.2,8.2,8.31,0.23,2.7677,4.3477,32106337,271874008.0,6769572600.0,6306533800.0
2286,2016-06-23,sh601002,晋亿实业,8.48,8.68,8.32,8.5,8.54,-0.06,-0.7026,3.2584,24062380,204432877.0,6722011200.0,6262225600.0
2287,2016-06-24,sh601002,晋亿实业,8.69,8.79,8.11,8.46,8.48,0.21,2.4764,4.7928,35393049,303749276.0,6888476100.0,6417304300.0
2288,2016-06-27,sh601002,晋亿实业,8.71,8.73,8.4,8.45,8.69,0.02,0.2301,3.801,28069296,241707028.0,6904329900.0,6432073700.0
2289,2016-06-28,sh601002,晋亿实业,8.6,8.68,8.47,8.6,8.71,-0.11,-1.2629,3.2338,23880930,204572834.0,6817134000.0,6350842000.0
2290,2016-06-29,sh601002,晋亿实业,8.85,9.15,8.6,8.67,8.6,0.25,2.907,5.7543,42493610,378135043.0,7015306500.0,6535459500.0
2291,2016-06-30,sh601002,晋亿实业,8.7,9.03,8.63,8.96,8.85,-0.15,-1.6949,3.6319,26820331,234989648.0,6896403000.0,6424689000.0
2292,2016-07-01,sh601002,晋亿实业,8.57,8.72,8.55,8.67,8.7,-0.13,-1.4943,2.0089,14835259,127983124.0,6793353300.0,6328687900.0
2293,2016-07-04,sh601002,晋亿实业,8.71,8.74,8.46,8.5,8.57,0.14,1.6336,2.2292,16462051,142399136.0,6904329900.0,6432073700.0
2294,2016-07-05,sh601002,晋亿实业,8.81,9.05,8.68,8.73,8.71,0.1,1.1481,3.8146,28169526,249857211.0,6983598900.0,6505920700.0
2295,2016-07-06,sh601002,晋亿实业,8.71,8.8,8.57,8.78,8.81,-0.1,-1.1351,2.6199,19347428,167658232.0,6904329900.0,6432073700.0
2296,2016-07-07,sh601002,晋亿实业,8.64,8.69,8.56,8.64,8.71,-0.07,-0.8037,1.9338,14280284,123179580.0,6848841600.0,6380380800.0
2297,2016-07-08,sh601002,晋亿实业,8.62,8.71,8.61,8.62,8.64,-0.02,-0.2315,1.4593,10776776,93249468.0,6832987800.0,6365611400.0
2298,2016-07-11,sh601002,晋亿实业,8.59,8.77,8.57,8.57,8.62,-0.03,-0.348,1.7498,12921539,111906584.0,6809207100.0,6343457300.0
2299,2016-07-12,sh601002,晋亿实业,8.74,8.76,8.5,8.64,8.59,0.15,1.7462,2.278,16822306,145686052.0,6928110600.0,6454227800.0
2300,2016-07-13,sh601002,晋亿实业,8.88,8.97,8.7,8.72,8.74,0.14,1.6018,3.4672,25604030,225922036.0,7039087200.0,6557613600.0
2301,2016-07-14,sh601002,晋亿实业,8.87,8.9,8.76,8.82,8.88,-0.01,-0.1126,1.9316,14264626,125882270.0,7031160300.0,6550228900.0
2302,2016-07-15,sh601002,晋亿实业,8.76,8.92,8.72,8.87,8.87,-0.11,-1.2401,1.9023,14048185,123742270.0,6943964400.0,6468997200.0
2303,2016-07-18,sh601002,晋亿实业,8.63,8.83,8.61,8.72,8.76,-0.13,-1.484,1.5787,11658222,101559803.0,6840914700.0,6372996100.0
2304,2016-07-19,sh601002,晋亿实业,8.82,8.82,8.57,8.64,8.63,0.19,2.2016,2.2302,16469472,143422048.0,6991525800.0,6513305400.0
2305,2016-07-20,sh601002,晋亿实业,8.69,8.84,8.66,8.84,8.82,-0.13,-1.4739,1.8019,13306656,116291819.0,6888476100.0,6417304300.0
2306,2016-07-21,sh601002,晋亿实业,8.9,9.1,8.71,8.75,8.69,0.21,2.4166,4.9243,36364670,324546942.0,7054941000.0,6572383000.0
2307,2016-07-22,sh601002,晋亿实业,8.83,8.97,8.81,8.85,8.9,-0.07,-0.7865,2.375,17538764,155726531.0,6999452700.0,6520690100.0
2308,2016-07-25,sh601002,晋亿实业,8.78,8.9,8.69,8.83,8.83,-0.05,-0.5663,1.9225,14197434,124896435.0,6959818200.0,6483766600.0
2309,2016-07-26,sh601002,晋亿实业,8.92,8.93,8.7,8.76,8.78,0.14,1.5945,1.8299,13513105,119041090.0,7070794800.0,6587152400.0
2310,2016-07-27,sh601002,晋亿实业,8.31,8.9,8.21,8.87,8.92,-0.61,-6.8386,3.4063,25154792,214850146.0,6587253900.0,6136685700.0
2311,2016-07-28,sh601002,晋亿实业,8.29,8.37,8.13,8.3,8.31,-0.02,-0.2407,1.5302,11299897,93371256.0,6571400100.0,6121916300.0
2312,2016-07-29,sh601002,晋亿实业,8.11,8.31,8.06,8.3,8.29,-0.18,-2.1713,1.1655,8606655,70393912.0,6428715900.0,5988991700.0
2313,2016-08-01,sh601002,晋亿实业,8.03,8.11,7.95,8.1,8.11,-0.08,-0.9864,0.9597,7607741,60971741.0,6365300700.0,6365300700.0
2314,2016-08-02,sh601002,晋亿实业,8.12,8.13,8.02,8.08,8.03,0.09,1.1208,0.5519,4374663,35310974.0,6436642800.0,6436642800.0
2315,2016-08-03,sh601002,晋亿实业,8.12,8.14,8.06,8.11,8.12,0.0,0.0,0.6628,5253892,42604392.0,6436642800.0,6436642800.0
2316,2016-08-04,sh601002,晋亿实业,8.18,8.21,8.1,8.11,8.12,0.06,0.7389,0.891,7062630,57662118.0,6484204200.0,6484204200.0
2317,2016-08-05,sh601002,晋亿实业,8.11,8.23,8.1,8.18,8.18,-0.07,-0.8557,0.7004,5551642,45284058.0,6428715900.0,6428715900.0
2318,2016-08-08,sh601002,晋亿实业,8.22,8.23,8.02,8.14,8.11,0.11,1.3564,0.759,6016813,48942922.0,6515911800.0,6515911800.0
2319,2016-08-09,sh601002,晋亿实业,8.29,8.31,8.2,8.24,8.22,0.07,0.8516,0.8818,6989684,57793083.0,6571400100.0,6571400100.0
2320,2016-08-10,sh601002,晋亿实业,8.27,8.32,8.22,8.29,8.29,-0.02,-0.2413,1.0414,8255384,68272619.0,6555546300.0,6555546300.0
2321,2016-08-11,sh601002,晋亿实业,8.18,8.28,8.13,8.23,8.27,-0.09,-1.0883,0.7594,6019500,49365939.0,6484204200.0,6484204200.0
2322,2016-08-12,sh601002,晋亿实业,8.26,8.28,8.14,8.18,8.18,0.08,0.978,1.1855,9397342,77193101.0,6547619400.0,6547619400.0
2323,2016-08-15,sh601002,晋亿实业,8.43,8.49,8.27,8.3,8.26,0.17,2.0581,1.8946,15017932,125954943.0,6682376700.0,6682376700.0
2324,2016-08-16,sh601002,晋亿实业,8.45,8.55,8.41,8.41,8.43,0.02,0.2372,1.2364,9800934,83050867.0,6698230500.0,6698230500.0
2325,2016-08-17,sh601002,晋亿实业,8.46,8.53,8.37,8.47,8.45,0.01,0.1183,1.1003,8722208,73660494.0,6706157400.0,6706157400.0
2326,2016-08-18,sh601002,晋亿实业,8.5,8.61,8.42,8.42,8.46,0.04,0.4728,1.6739,13269100,113141012.0,6737865000.0,6737865000.0
2327,2016-08-19,sh601002,晋亿实业,8.73,8.86,8.44,8.44,8.5,0.23,2.7059,3.2032,25391699,220123684.0,6920183700.0,6920183700.0
2328,2016-08-22,sh601002,晋亿实业,8.48,8.7,8.46,8.69,8.73,-0.25,-2.8637,1.7586,13940000,119655878.0,6722011200.0,6722011200.0
2329,2016-08-23,sh601002,晋亿实业,8.54,8.7,8.45,8.48,8.48,0.06,0.7075,1.0907,8646106,74037472.0,6769572600.0,6769572600.0
2330,2016-08-24,sh601002,晋亿实业,8.5,8.6,8.46,8.53,8.54,-0.04,-0.4684,0.8846,7012427,59729099.0,6737865000.0,6737865000.0
2331,2016-08-25,sh601002,晋亿实业,8.35,8.44,8.27,8.44,8.5,-0.15,-1.7647,0.9805,7772327,64914568.0,6618961500.0,6618961500.0
2332,2016-08-26,sh601002,晋亿实业,8.4,8.49,8.36,8.37,8.35,0.05,0.5988,0.7394,5860902,49387144.0,6658596000.0,6658596000.0
2333,2016-08-29,sh601002,晋亿实业,8.5,8.52,8.37,8.39,8.4,0.1,1.1905,0.6829,5413391,45827231.0,6737865000.0,6737865000.0
2334,2016-08-30,sh601002,晋亿实业,8.44,8.54,8.43,8.46,8.5,-0.06,-0.7059,0.7569,5999712,50902055.0,6690303600.0,6690303600.0
2335,2016-08-31,sh601002,晋亿实业,8.58,8.59,8.41,8.46,8.44,0.14,1.6588,1.0487,8312897,70727318.0,6801280200.0,6801280200.0
2336,2016-09-01,sh601002,晋亿实业,8.54,8.65,8.51,8.58,8.58,-0.04,-0.4662,1.3584,10768213,92506519.0,6769572600.0,6769572600.0
2337,2016-09-02,sh601002,晋亿实业,8.62,8.65,8.47,8.52,8.54,0.08,0.9368,1.3049,10343514,88689745.0,6832987800.0,6832987800.0
2338,2016-09-05,sh601002,晋亿实业,8.61,8.72,8.58,8.68,8.62,-0.01,-0.116,1.1926,9454010,81767833.0,6825060900.0,6825060900.0
2339,2016-09-06,sh601002,晋亿实业,8.65,8.68,8.5,8.61,8.61,0.04,0.4646,1.1393,9031153,77548371.0,6856768500.0,6856768500.0
2340,2016-09-07,sh601002,晋亿实业,8.66,8.79,8.61,8.61,8.65,0.01,0.1156,1.5746,12481934,108642531.0,6864695400.0,6864695400.0
2341,2016-09-08,sh601002,晋亿实业,8.64,8.7,8.57,8.63,8.66,-0.02,-0.2309,1.092,8656497,74610613.0,6848841600.0,6848841600.0
2342,2016-09-09,sh601002,晋亿实业,9.5,9.5,8.58,8.63,8.64,0.86,9.9537,7.1864,56966059,530046688.0,7530555000.0,7530555000.0
2343,2016-09-12,sh601002,晋亿实业,9.75,9.93,9.25,9.35,9.5,0.25,2.6316,13.0738,103634910,994847447.0,7728727500.0,7728727500.0
2344,2016-09-13,sh601002,晋亿实业,9.7,9.84,9.4,9.65,9.75,-0.05,-0.5128,9.3326,73978734,709793897.0,7689093000.0,7689093000.0
2345,2016-09-14,sh601002,晋亿实业,9.24,9.64,9.21,9.53,9.7,-0.46,-4.7423,5.7759,45785078,431562510.0,7324455600.0,7324455600.0
2346,2016-09-19,sh601002,晋亿实业,9.36,9.45,9.15,9.34,9.24,0.12,1.2987,6.9608,55177892,511910578.0,7419578400.0,7419578400.0
2347,2016-09-20,sh601002,晋亿实业,9.55,9.57,9.21,9.31,9.36,0.19,2.0299,7.7331,61299522,575886993.0,7570189500.0,7570189500.0
2348,2016-09-21,sh601002,晋亿实业,9.32,9.51,9.28,9.5,9.55,-0.23,-2.4084,4.4127,34979068,327903454.0,7387870800.0,7387870800.0
2349,2016-09-22,sh601002,晋亿实业,9.41,9.56,9.31,9.4,9.32,0.09,0.9657,5.0019,39649923,373150752.0,7459212900.0,7459212900.0
2350,2016-09-23,sh601002,晋亿实业,9.64,9.9,9.42,9.47,9.41,0.23,2.4442,9.4748,75105464,726135208.0,7641531600.0,7641531600.0
2351,2016-09-26,sh601002,晋亿实业,9.16,9.94,9.1,9.63,9.64,-0.48,-4.9793,7.9797,63254481,606616438.0,7261040400.0,7261040400.0
2352,2016-09-27,sh601002,晋亿实业,9.04,9.16,8.79,9.09,9.16,-0.12,-1.31,5.6799,45023649,403319532.0,7165917600.0,7165917600.0
2353,2016-09-28,sh601002,晋亿实业,8.91,9.04,8.88,9.04,9.04,-0.13,-1.4381,2.397,19001025,169694323.0,7062867900.0,7062867900.0
2354,2016-09-29,sh601002,晋亿实业,8.96,9.1,8.91,8.95,8.91,0.05,0.5612,2.7061,21450677,192905561.0,7102502400.0,7102502400.0
2355,2016-09-30,sh601002,晋亿实业,8.93,9.03,8.91,9.0,8.96,-0.03,-0.3348,2.0975,16626600,148947885.0,7078721700.0,7078721700.0
2356,2016-10-10,sh601002,晋亿实业,9.21,9.22,8.99,8.99,8.93,0.28,3.1355,3.3419,26491302,241987163.0,7300674900.0,7300674900.0
2357,2016-10-11,sh601002,晋亿实业,9.23,9.32,9.12,9.21,9.21,0.02,0.2172,2.8109,22281884,204983805.0,7316528700.0,7316528700.0
2358,2016-10-12,sh601002,晋亿实业,9.19,9.2,9.12,9.16,9.23,-0.04,-0.4334,2.1382,16949211,155231259.0,7284821100.0,7284821100.0
2359,2016-10-13,sh601002,晋亿实业,9.42,9.55,9.16,9.21,9.19,0.23,2.5027,5.1122,40524109,378898749.0,7467139800.0,7467139800.0
2360,2016-10-14,sh601002,晋亿实业,9.57,9.7,9.27,9.4,9.42,0.15,1.5924,5.3911,42735071,404474204.0,7586043300.0,7586043300.0
2361,2016-10-17,sh601002,晋亿实业,9.25,9.6,9.23,9.52,9.57,-0.32,-3.3438,3.9378,31214682,293860828.0,7332382500.0,7332382500.0
2362,2016-10-18,sh601002,晋亿实业,10.18,10.18,9.21,9.29,9.25,0.93,10.0541,6.4917,51458867,503544465.0,8069584200.0,8069584200.0
2363,2016-10-19,sh601002,晋亿实业,10.59,10.87,10.19,10.38,10.18,0.41,4.0275,15.9049,126076302,1324004717.0,8394587100.0,8394587100.0
2364,2016-10-20,sh601002,晋亿实业,10.27,10.48,10.22,10.42,10.59,-0.32,-3.0217,7.4843,59327567,613445736.0,8140926300.0,8140926300.0
2365,2016-10-21,sh601002,晋亿实业,10.33,10.71,10.21,10.21,10.27,0.06,0.5842,8.7082,69028989,722330903.0,8188487700.0,8188487700.0
2366,2016-10-24,sh601002,晋亿实业,10.47,10.52,10.22,10.37,10.33,0.14,1.3553,5.7736,45767015,475517806.0,8299464300.0,8299464300.0
2367,2016-10-25,sh601002,晋亿实业,10.38,10.47,10.25,10.45,10.47,-0.09,-0.8596,4.1771,33111766,342012647.0,8228122200.0,8228122200.0
2368,2016-10-26,sh601002,晋亿实业,10.29,10.52,10.21,10.33,10.38,-0.09,-0.8671,4.5514,36078753,372102025.0,8156780100.0,8156780100.0
2369,2016-10-27,sh601002,晋亿实业,10.26,10.35,10.13,10.2,10.29,-0.03,-0.2915,2.9735,23570806,241194726.0,8132999400.0,8132999400.0
2370,2016-10-28,sh601002,晋亿实业,9.83,10.37,9.78,10.2,10.26,-0.43,-4.191,5.171,40990310,410524628.0,7792142700.0,7792142700.0
2371,2016-10-31,sh601002,晋亿实业,9.98,9.99,9.72,9.8,9.83,0.15,1.5259,2.9473,23363240,230838488.0,7911046200.0,7911046200.0
2372,2016-11-01,sh601002,晋亿实业,10.01,10.12,9.91,9.96,9.98,0.03,0.3006,2.7527,21820162,218505481.0,7934826900.0,7934826900.0
2373,2016-11-02,sh601002,晋亿实业,10.05,10.21,9.87,10.0,10.01,0.04,0.3996,3.8917,30848857,309931763.0,7966534500.0,7966534500.0
2374,2016-11-03,sh601002,晋亿实业,10.35,10.69,10.0,10.05,10.05,0.3,2.9851,7.6135,60351351,626504349.0,8204341500.0,8204341500.0
2375,2016-11-04,sh601002,晋亿实业,10.09,10.37,10.07,10.25,10.35,-0.26,-2.5121,4.3719,34655691,353282367.0,7998242100.0,7998242100.0
2376,2016-11-07,sh601002,晋亿实业,10.08,10.27,10.03,10.15,10.09,-0.01,-0.0991,2.5585,20280717,205207532.0,7990315200.0,7990315200.0
2377,2016-11-08,sh601002,晋亿实业,10.29,10.53,10.08,10.17,10.08,0.21,2.0833,4.7892,37963730,391869963.0,8156780100.0,8156780100.0
2378,2016-11-09,sh601002,晋亿实业,10.0,10.28,9.8,10.21,10.29,-0.29,-2.8183,4.6387,36770125,369978083.0,7926900000.0,7926900000.0
2379,2016-11-10,sh601002,晋亿实业,10.14,10.39,10.09,10.15,10.0,0.14,1.4,3.441,27276355,278596497.0,8037876600.0,8037876600.0
2380,2016-11-11,sh601002,晋亿实业,10.39,10.89,10.12,10.14,10.14,0.25,2.4655,8.6542,68601373,723864298.0,8236049100.0,8236049100.0
2381,2016-11-14,sh601002,晋亿实业,11.13,11.23,10.3,10.31,10.39,0.74,7.1222,12.0687,95667177,1038506587.0,8822639700.0,8822639700.0
2382,2016-11-15,sh601002,晋亿实业,10.73,10.96,10.7,10.95,11.13,-0.4,-3.5939,6.7687,53654547,579123172.0,8505563700.0,8505563700.0
2383,2016-11-16,sh601002,晋亿实业,10.81,10.84,10.59,10.7,10.73,0.08,0.7456,3.9422,31249387,334120027.0,8568978900.0,8568978900.0
2384,2016-11-17,sh601002,晋亿实业,10.76,10.85,10.52,10.7,10.81,-0.05,-0.4625,3.6858,29217227,312434396.0,8529344400.0,8529344400.0
2385,2016-11-18,sh601002,晋亿实业,10.62,11.05,10.57,10.76,10.76,-0.14,-1.3011,4.3753,34682961,374748189.0,8418367800.0,8418367800.0
2386,2016-11-21,sh601002,晋亿实业,10.6,10.82,10.48,10.53,10.62,-0.02,-0.1883,3.8935,30863558,328669895.0,8402514000.0,8402514000.0
2387,2016-11-22,sh601002,晋亿实业,10.63,10.69,10.49,10.57,10.6,0.03,0.283,2.9689,23534213,249074086.0,8426294700.0,8426294700.0
2388,2016-11-23,sh601002,晋亿实业,10.56,10.98,10.51,10.66,10.63,-0.07,-0.6585,4.2957,34051335,366027101.0,8370806400.0,8370806400.0
2389,2016-11-24,sh601002,晋亿实业,10.4,10.55,10.33,10.45,10.56,-0.16,-1.5152,3.1049,24612341,256734970.0,8243976000.0,8243976000.0
2390,2016-11-25,sh601002,晋亿实业,10.8,10.82,10.43,10.43,10.4,0.4,3.8462,5.8976,46749849,498859516.0,8561052000.0,8561052000.0
2391,2016-11-28,sh601002,晋亿实业,10.8,10.95,10.62,10.8,10.8,0.0,0.0,5.0087,39703401,428081725.0,8561052000.0,8561052000.0
2392,2016-11-29,sh601002,晋亿实业,10.85,11.18,10.64,10.71,10.8,0.05,0.463,7.8842,62497506,681086023.0,8600686500.0,8600686500.0
2393,2016-11-30,sh601002,晋亿实业,10.35,10.76,10.32,10.72,10.85,-0.5,-4.6083,5.2022,41237687,433313279.0,8204341500.0,8204341500.0
2394,2016-12-01,sh601002,晋亿实业,10.25,10.47,10.06,10.36,10.35,-0.1,-0.9662,4.0971,32477020,332565506.0,8125072500.0,8125072500.0
2395,2016-12-02,sh601002,晋亿实业,10.05,10.28,10.04,10.2,10.25,-0.2,-1.9512,2.5578,20275744,205983562.0,7966534500.0,7966534500.0
2396,2016-12-05,sh601002,晋亿实业,9.56,9.96,9.51,9.86,10.05,-0.49,-4.8756,3.3336,26425079,257218295.0,7578116400.0,7578116400.0
2397,2016-12-06,sh601002,晋亿实业,9.64,9.74,9.6,9.6,9.56,0.08,0.8368,1.4443,11448512,110695983.0,7641531600.0,7641531600.0
2398,2016-12-07,sh601002,晋亿实业,9.8,9.81,9.6,9.78,9.64,0.16,1.6598,1.3765,10911225,106098206.0,7768362000.0,7768362000.0
2399,2016-12-08,sh601002,晋亿实业,9.66,9.87,9.62,9.82,9.8,-0.14,-1.4286,1.2091,9584727,93500030.0,7657385400.0,7657385400.0
2400,2016-12-09,sh601002,晋亿实业,9.73,9.85,9.66,9.7,9.66,0.07,0.7246,1.5332,12153866,118466661.0,7712873700.0,7712873700.0
2401,2016-12-12,sh601002,晋亿实业,9.12,9.73,9.1,9.68,9.73,-0.61,-6.2693,2.5091,19889291,185985678.0,7229332800.0,7229332800.0
2402,2016-12-13,sh601002,晋亿实业,9.22,9.27,9.05,9.05,9.12,0.1,1.0965,1.4319,11350507,103964305.0,7308601800.0,7308601800.0
2403,2016-12-14,sh601002,晋亿实业,9.07,9.26,9.05,9.23,9.22,-0.15,-1.6269,1.4949,11850102,108387558.0,7189698300.0,7189698300.0
2404,2016-12-15,sh601002,晋亿实业,9.18,9.28,9.03,9.07,9.07,0.11,1.2128,1.3734,10887064,99996771.0,7276894200.0,7276894200.0
2405,2016-12-16,sh601002,晋亿实业,9.31,9.38,9.15,9.18,9.18,0.13,1.4161,1.536,12176102,113065365.0,7379943900.0,7379943900.0
2406,2016-12-19,sh601002,晋亿实业,9.38,9.48,9.28,9.35,9.31,0.07,0.7519,1.3643,10814456,101566556.0,7435432200.0,7435432200.0
2407,2016-12-20,sh601002,晋亿实业,9.38,9.4,9.25,9.33,9.38,0.0,0.0,0.9276,7352923,68605474.0,7435432200.0,7435432200.0
2408,2016-12-21,sh601002,晋亿实业,9.46,9.55,9.39,9.44,9.38,0.08,0.8529,1.3212,10472941,99174655.0,7498847400.0,7498847400.0
2409,2016-12-22,sh601002,晋亿实业,9.37,9.49,9.33,9.42,9.46,-0.09,-0.9514,1.0141,8038839,75420093.0,7427505300.0,7427505300.0
2410,2016-12-23,sh601002,晋亿实业,9.18,9.43,9.17,9.36,9.37,-0.19,-2.0277,1.2076,9572201,89098889.0,7276894200.0,7276894200.0
2411,2016-12-26,sh601002,晋亿实业,9.36,9.45,9.01,9.12,9.18,0.18,1.9608,1.3532,10726805,98476817.0,7419578400.0,7419578400.0
2412,2016-12-27,sh601002,晋亿实业,9.38,9.47,9.31,9.31,9.36,0.02,0.2137,1.0813,8571465,80558683.0,7435432200.0,7435432200.0
2413,2016-12-28,sh601002,晋亿实业,9.27,9.44,9.26,9.39,9.38,-0.11,-1.1727,0.7258,5753601,53740369.0,7348236300.0,7348236300.0
2414,2016-12-29,sh601002,晋亿实业,9.36,9.43,9.25,9.26,9.27,0.09,0.9709,1.0211,8093890,75776380.0,7419578400.0,7419578400.0
2415,2016-12-30,sh601002,晋亿实业,9.52,9.66,9.38,9.4,9.36,0.16,1.7094,2.2292,17670700,168848537.0,7546408800.0,7546408800.0
2416,2017-01-03,sh601002,晋亿实业,9.59,9.66,9.42,9.47,9.52,0.07,0.7353,1.7052,13517304,129134068.0,7601897100.0,7601897100.0
2417,2017-01-04,sh601002,晋亿实业,9.61,9.73,9.53,9.56,9.59,0.02,0.2086,1.8735,14851216,143166208.0,7617750900.0,7617750900.0
2418,2017-01-05,sh601002,晋亿实业,9.65,9.71,9.53,9.6,9.61,0.04,0.4162,1.8124,14367038,138255437.0,7649458500.0,7649458500.0
2419,2017-01-06,sh601002,晋亿实业,9.86,10.48,9.78,10.09,9.65,0.21,2.1762,4.7738,37841264,377970299.0,7815923400.0,7815923400.0
2420,2017-01-09,sh601002,晋亿实业,9.96,10.18,9.73,9.73,9.86,0.1,1.0142,4.0121,31803620,317268927.0,7895192400.0,7895192400.0
2421,2017-01-10,sh601002,晋亿实业,9.67,9.9,9.65,9.85,9.96,-0.29,-2.9116,2.4327,19283982,187879444.0,7665312300.0,7665312300.0
2422,2017-01-11,sh601002,晋亿实业,9.64,9.77,9.57,9.67,9.67,-0.03,-0.3102,1.4924,11830186,114416087.0,7641531600.0,7641531600.0
2423,2017-01-12,sh601002,晋亿实业,9.6,9.7,9.48,9.69,9.64,-0.04,-0.4149,1.1877,9414932,90232876.0,7609824000.0,7609824000.0
2424,2017-01-13,sh601002,晋亿实业,9.27,9.61,9.23,9.58,9.6,-0.33,-3.4375,1.4843,11766208,110983903.0,7348236300.0,7348236300.0
2425,2017-01-16,sh601002,晋亿实业,8.78,9.25,8.38,9.23,9.27,-0.49,-5.2859,2.4361,19310894,171701054.0,6959818200.0,6959818200.0
2426,2017-01-17,sh601002,晋亿实业,8.85,8.86,8.6,8.69,8.78,0.07,0.7973,1.9438,15407947,134532620.0,7015306500.0,7015306500.0
2427,2017-01-18,sh601002,晋亿实业,8.76,8.86,8.7,8.81,8.85,-0.09,-1.0169,1.1682,9260299,81359007.0,6943964400.0,6943964400.0
2428,2017-01-19,sh601002,晋亿实业,8.72,8.79,8.58,8.72,8.76,-0.04,-0.4566,1.0877,8622406,74815115.0,6912256800.0,6912256800.0
2429,2017-01-20,sh601002,晋亿实业,8.81,8.84,8.63,8.63,8.72,0.09,1.0321,0.976,7736668,68039045.0,6983598900.0,6983598900.0
2430,2017-01-23,sh601002,晋亿实业,8.89,8.98,8.84,8.87,8.81,0.08,0.9081,0.9278,7354654,65516692.0,7047014100.0,7047014100.0
2431,2017-01-24,sh601002,晋亿实业,8.87,8.93,8.83,8.89,8.89,-0.02,-0.225,0.6748,5349388,47543692.0,7031160300.0,7031160300.0
2432,2017-01-25,sh601002,晋亿实业,8.85,8.93,8.82,8.84,8.87,-0.02,-0.2255,0.7483,5931544,52584955.0,7015306500.0,7015306500.0
2433,2017-01-26,sh601002,晋亿实业,8.95,9.05,8.92,8.93,8.85,0.1,1.1299,0.9037,7163223,64277496.0,7094575500.0,7094575500.0
2434,2017-02-03,sh601002,晋亿实业,8.96,9.02,8.93,8.98,8.95,0.01,0.1117,0.6698,5309700,47619287.0,7102502400.0,7102502400.0
2435,2017-02-06,sh601002,晋亿实业,9.12,9.13,8.95,8.96,8.96,0.16,1.7857,0.9329,7395097,66940776.0,7229332800.0,7229332800.0
2436,2017-02-07,sh601002,晋亿实业,9.03,9.12,8.95,9.08,9.12,-0.09,-0.9868,1.0403,8246049,74357828.0,7157990700.0,7157990700.0
2437,2017-02-08,sh601002,晋亿实业,9.06,9.07,8.9,9.02,9.03,0.03,0.3322,0.9696,7685558,69121343.0,7181771400.0,7181771400.0
2438,2017-02-09,sh601002,晋亿实业,9.28,9.49,9.05,9.06,9.06,0.22,2.4283,2.9471,23361527,218047754.0,7356163200.0,7356163200.0
2439,2017-02-10,sh601002,晋亿实业,9.33,9.5,9.23,9.23,9.28,0.05,0.5388,2.644,20958627,196619247.0,7395797700.0,7395797700.0
2440,2017-02-13,sh601002,晋亿实业,9.37,9.48,9.31,9.33,9.33,0.04,0.4287,1.6839,13348119,125212319.0,7427505300.0,7427505300.0
2441,2017-02-14,sh601002,晋亿实业,9.38,9.44,9.31,9.42,9.37,0.01,0.1067,1.3413,10632605,99481709.0,7435432200.0,7435432200.0
2442,2017-02-15,sh601002,晋亿实业,9.26,9.54,9.2,9.44,9.38,-0.12,-1.2793,2.3636,18735646,176203400.0,7340309400.0,7340309400.0
2443,2017-02-16,sh601002,晋亿实业,9.42,9.43,9.18,9.24,9.26,0.16,1.7279,1.6967,13449250,125379544.0,7467139800.0,7467139800.0
2444,2017-02-17,sh601002,晋亿实业,9.26,9.46,9.24,9.42,9.42,-0.16,-1.6985,1.6171,12818552,119642435.0,7340309400.0,7340309400.0
2445,2017-02-20,sh601002,晋亿实业,9.55,9.55,9.28,9.29,9.26,0.29,3.1317,2.8244,22389032,211828388.0,7570189500.0,7570189500.0
2446,2017-02-21,sh601002,晋亿实业,9.53,9.55,9.4,9.54,9.55,-0.02,-0.2094,1.7876,14170401,134248747.0,7554335700.0,7554335700.0
2447,2017-02-22,sh601002,晋亿实业,9.63,9.65,9.47,9.53,9.53,0.1,1.0493,2.1665,17174019,164200970.0,7633604700.0,7633604700.0
2448,2017-02-23,sh601002,晋亿实业,9.46,9.67,9.36,9.63,9.63,-0.17,-1.7653,1.9729,15638815,148449405.0,7498847400.0,7498847400.0
2449,2017-02-24,sh601002,晋亿实业,9.42,9.46,9.36,9.39,9.46,-0.04,-0.4228,1.0527,8344645,78462284.0,7467139800.0,7467139800.0
2450,2017-02-27,sh601002,晋亿实业,9.28,9.46,9.26,9.38,9.42,-0.14,-1.4862,1.0893,8634741,80731055.0,7356163200.0,7356163200.0
2451,2017-02-28,sh601002,晋亿实业,9.43,9.43,9.28,9.32,9.28,0.15,1.6164,1.2898,10224005,95852036.0,7475066700.0,7475066700.0
2452,2017-03-01,sh601002,晋亿实业,9.42,9.53,9.39,9.42,9.43,-0.01,-0.106,1.37,10859626,102799926.0,7467139800.0,7467139800.0
2453,2017-03-02,sh601002,晋亿实业,9.34,9.49,9.33,9.49,9.42,-0.08,-0.8493,1.2671,10044113,94493173.0,7403724600.0,7403724600.0
2454,2017-03-03,sh601002,晋亿实业,9.3,9.35,9.26,9.3,9.34,-0.04,-0.4283,1.0592,8395827,78054568.0,7372017000.0,7372017000.0
2455,2017-03-06,sh601002,晋亿实业,9.43,9.44,9.29,9.3,9.3,0.13,1.3978,0.9751,7729724,72555302.0,7475066700.0,7475066700.0
2456,2017-03-07,sh601002,晋亿实业,9.38,9.48,9.31,9.48,9.43,-0.05,-0.5302,1.1176,8859121,83174036.0,7435432200.0,7435432200.0
2457,2017-03-08,sh601002,晋亿实业,9.46,9.63,9.41,9.44,9.38,0.08,0.8529,2.2465,17808074,169318057.0,7498847400.0,7498847400.0
2458,2017-03-09,sh601002,晋亿实业,9.23,9.46,9.21,9.46,9.46,-0.23,-2.4313,1.5694,12440700,115795075.0,7316528700.0,7316528700.0
2459,2017-03-10,sh601002,晋亿实业,9.08,9.27,9.06,9.2,9.23,-0.15,-1.6251,1.3262,10512590,96194764.0,7197625200.0,7197625200.0
2460,2017-03-13,sh601002,晋亿实业,9.18,9.19,9.0,9.08,9.08,0.1,1.1013,0.9545,7566183,69025159.0,7276894200.0,7276894200.0
2461,2017-03-14,sh601002,晋亿实业,9.14,9.2,9.11,9.19,9.18,-0.04,-0.4357,0.7068,5602452,51302334.0,7245186600.0,7245186600.0
2462,2017-03-15,sh601002,晋亿实业,9.15,9.27,9.04,9.14,9.14,0.01,0.1094,1.022,8101047,74111371.0,7253113500.0,7253113500.0
2463,2017-03-16,sh601002,晋亿实业,9.32,9.35,9.17,9.17,9.15,0.17,1.8579,1.358,10765118,99545175.0,7387870800.0,7387870800.0
2464,2017-03-17,sh601002,晋亿实业,9.23,9.39,9.2,9.35,9.32,-0.09,-0.9657,1.4311,11343872,105707406.0,7316528700.0,7316528700.0
2465,2017-03-20,sh601002,晋亿实业,9.32,9.33,9.17,9.2,9.23,0.09,0.9751,0.9666,7662427,70906505.0,7387870800.0,7387870800.0
2466,2017-03-21,sh601002,晋亿实业,9.37,9.39,9.27,9.34,9.32,0.05,0.5365,1.3217,10477132,97935168.0,7427505300.0,7427505300.0
2467,2017-03-22,sh601002,晋亿实业,9.43,9.54,9.28,9.33,9.37,0.06,0.6403,2.4106,19108339,180172833.0,7475066700.0,7475066700.0
2468,2017-03-23,sh601002,晋亿实业,9.37,9.48,9.2,9.42,9.43,-0.06,-0.6363,2.0092,15927108,148886801.0,7427505300.0,7427505300.0
2469,2017-03-24,sh601002,晋亿实业,10.31,10.31,9.32,9.37,9.37,0.94,10.032,5.3595,42484367,426302853.0,8172633900.0,8172633900.0
2470,2017-03-27,sh601002,晋亿实业,10.49,10.93,10.46,10.6,10.31,0.18,1.7459,14.993,118848113,1263089300.0,8315318100.0,8315318100.0
2471,2017-03-28,sh601002,晋亿实业,10.51,10.78,10.14,10.33,10.49,0.02,0.1907,9.215,73046316,765860240.0,8331171900.0,8331171900.0
2472,2017-03-29,sh601002,晋亿实业,10.68,11.27,10.27,10.32,10.51,0.17,1.6175,11.9741,94917748,1021566120.0,8465929200.0,8465929200.0
2473,2017-03-30,sh601002,晋亿实业,11.41,11.75,10.52,10.62,10.68,0.73,6.8352,19.0273,150827640,1716446630.0,9044592900.0,9044592900.0
2474,2017-03-31,sh601002,晋亿实业,10.64,11.19,10.35,11.1,11.41,-0.77,-6.7485,12.3998,98291837,1056463148.0,8434221600.0,8434221600.0
2475,2017-04-05,sh601002,晋亿实业,11.02,11.15,10.55,10.59,10.64,0.38,3.5714,10.1343,80333978,875530613.0,8735443800.0,8735443800.0
2476,2017-04-06,sh601002,晋亿实业,11.46,11.91,10.86,10.99,11.02,0.44,3.9927,13.8085,109458865,1254133435.0,9084227400.0,9084227400.0
2477,2017-04-07,sh601002,晋亿实业,11.25,11.35,11.01,11.2,11.46,-0.21,-1.8325,7.7912,61760209,690120742.0,8917762500.0,8917762500.0
2478,2017-04-10,sh601002,晋亿实业,11.01,11.43,10.92,11.12,11.25,-0.24,-2.1333,6.8365,54191988,605232813.0,8727516900.0,8727516900.0
2479,2017-04-11,sh601002,晋亿实业,11.26,11.31,10.68,10.95,11.01,0.25,2.2707,9.2944,73676019,811647219.0,8925689400.0,8925689400.0
2480,2017-04-12,sh601002,晋亿实业,10.67,11.16,10.53,11.09,11.26,-0.59,-5.2398,6.3853,50615550,549152317.0,8458002300.0,8458002300.0
2481,2017-04-13,sh601002,晋亿实业,10.69,10.88,10.61,10.67,10.67,0.02,0.1874,3.167,25104471,269399762.0,8473856100.0,8473856100.0
2482,2017-04-14,sh601002,晋亿实业,10.78,10.97,10.51,10.74,10.69,0.09,0.8419,4.7609,37739480,405413913.0,8545198200.0,8545198200.0
2483,2017-04-17,sh601002,晋亿实业,10.8,11.05,10.59,10.61,10.78,0.02,0.1855,4.4065,34930151,379140106.0,8561052000.0,8561052000.0
2484,2017-04-18,sh601002,晋亿实业,10.99,11.11,10.61,10.9,10.8,0.19,1.7593,5.8553,46414348,506320291.0,8711663100.0,8711663100.0
2485,2017-04-19,sh601002,晋亿实业,11.46,11.5,10.74,10.92,10.99,0.47,4.2766,11.6045,91987855,1034571171.0,9084227400.0,9084227400.0
2486,2017-04-20,sh601002,晋亿实业,11.51,11.56,11.05,11.3,11.46,0.05,0.4363,8.1144,64321706,726936990.0,9123861900.0,9123861900.0
2487,2017-04-21,sh601002,晋亿实业,10.36,11.54,10.36,11.39,11.51,-1.15,-9.9913,8.4585,67049641,725017526.0,8212268400.0,8212268400.0
2488,2017-04-24,sh601002,晋亿实业,9.32,9.94,9.32,9.7,10.36,-1.04,-10.0386,7.2957,57832650,546885991.0,7387870800.0,7387870800.0
2489,2017-04-25,sh601002,晋亿实业,9.43,9.55,9.21,9.34,9.32,0.11,1.1803,4.0303,31947502,300355067.0,7475066700.0,7475066700.0
2490,2017-04-26,sh601002,晋亿实业,9.39,9.53,9.29,9.46,9.43,-0.04,-0.4242,3.5327,28003260,262929312.0,7443359100.0,7443359100.0
2491,2017-04-27,sh601002,晋亿实业,9.68,9.74,8.89,9.3,9.39,0.29,3.0884,6.2,49146830,463200830.0,7673239200.0,7673239200.0
2492,2017-04-28,sh601002,晋亿实业,9.83,9.94,9.56,9.58,9.68,0.15,1.5496,4.1899,33212943,324127173.0,7792142700.0,7792142700.0
2493,2017-05-02,sh601002,晋亿实业,9.84,10.07,9.72,9.79,9.83,0.01,0.1017,3.819,30273023,299200573.0,7800069600.0,7800069600.0
2494,2017-05-03,sh601002,晋亿实业,10.09,10.21,9.81,9.85,9.84,0.25,2.5407,5.0875,40328127,406025489.0,7998242100.0,7998242100.0
2495,2017-05-04,sh601002,晋亿实业,9.97,10.28,9.8,9.98,10.09,-0.12,-1.1893,4.542,36003808,360122887.0,7903119300.0,7903119300.0
2496,2017-05-05,sh601002,晋亿实业,9.85,10.17,9.81,9.89,9.97,-0.12,-1.2036,3.6971,29306779,292343081.0,7807996500.0,7807996500.0
2497,2017-05-08,sh601002,晋亿实业,9.21,9.97,9.13,9.79,9.85,-0.64,-6.4975,4.7181,37399700,357013923.0,7300674900.0,7300674900.0
2498,2017-05-09,sh601002,晋亿实业,9.4,9.46,9.05,9.18,9.21,0.19,2.063,2.4189,19174458,177859272.0,7451286000.0,7451286000.0
2499,2017-05-10,sh601002,晋亿实业,8.86,9.53,8.71,9.45,9.4,-0.54,-5.7447,3.7495,29721639,271901951.0,7023233400.0,7023233400.0
2500,2017-05-11,sh601002,晋亿实业,9.17,9.2,8.49,8.77,8.86,0.31,3.4989,4.1966,33266310,295894535.0,7268967300.0,7268967300.0
2501,2017-05-12,sh601002,晋亿实业,9.07,9.19,8.81,9.08,9.17,-0.1,-1.0905,3.3578,26616960,240541931.0,7189698300.0,7189698300.0
2502,2017-05-15,sh601002,晋亿实业,8.9,9.22,8.88,9.17,9.07,-0.17,-1.8743,2.7493,21793614,196984943.0,7054941000.0,7054941000.0
2503,2017-05-16,sh601002,晋亿实业,9.02,9.04,8.5,8.76,8.9,0.12,1.3483,3.8431,30463635,266877359.0,7150063800.0,7150063800.0
2504,2017-05-17,sh601002,晋亿实业,9.28,9.33,8.92,9.0,9.02,0.26,2.8825,4.7625,37751961,344770234.0,7356163200.0,7356163200.0
2505,2017-05-18,sh601002,晋亿实业,9.0,9.2,8.98,9.11,9.28,-0.28,-3.0172,2.9827,23643820,214836956.0,7134210000.0,7134210000.0
2506,2017-05-19,sh601002,晋亿实业,8.92,9.09,8.82,9.01,9.0,-0.08,-0.8889,1.7775,14090014,126371288.0,7070794800.0,7070794800.0
2507,2017-05-22,sh601002,晋亿实业,8.69,8.96,8.61,8.92,8.92,-0.23,-2.5785,1.8714,14834609,130510152.0,6888476100.0,6888476100.0
2508,2017-05-23,sh601002,晋亿实业,8.19,8.74,8.11,8.66,8.69,-0.5,-5.7537,3.0053,23823097,201229695.0,6492131100.0,6492131100.0
2509,2017-05-24,sh601002,晋亿实业,8.25,8.29,7.98,8.17,8.19,0.06,0.7326,1.8586,14733097,120165745.0,6539692500.0,6539692500.0
2510,2017-05-25,sh601002,晋亿实业,8.36,8.39,8.11,8.26,8.25,0.11,1.3333,1.9552,15498960,128234616.0,6626888400.0,6626888400.0
2511,2017-05-26,sh601002,晋亿实业,8.32,8.48,8.31,8.39,8.36,-0.04,-0.4785,1.6671,13214743,110869985.0,6595180800.0,6595180800.0
2512,2017-05-31,sh601002,晋亿实业,8.26,8.55,8.23,8.4,8.32,-0.06,-0.7212,1.54,12207650,102615926.0,6547619400.0,6547619400.0
2513,2017-06-01,sh601002,晋亿实业,8.03,8.31,8.02,8.29,8.26,-0.23,-2.7845,1.7673,14008959,114014911.0,6365300700.0,6365300700.0
2514,2017-06-02,sh601002,晋亿实业,8.22,8.24,7.98,8.0,8.03,0.19,2.3661,1.3704,10862923,88268957.0,6515911800.0,6515911800.0
2515,2017-06-05,sh601002,晋亿实业,8.28,8.3,8.21,8.3,8.22,0.06,0.7299,1.1362,9006764,74362970.0,6563473200.0,6563473200.0
2516,2017-06-06,sh601002,晋亿实业,8.37,8.45,8.23,8.23,8.28,0.09,1.087,1.1798,9352332,77944795.0,6634815300.0,6634815300.0
2517,2017-06-07,sh601002,晋亿实业,8.52,8.55,8.35,8.37,8.37,0.15,1.7921,1.7024,13494685,114470491.0,6753718800.0,6753718800.0
2518,2017-06-08,sh601002,晋亿实业,8.45,8.54,8.42,8.53,8.52,-0.07,-0.8216,1.2611,9996286,84611391.0,6698230500.0,6698230500.0
2519,2017-06-09,sh601002,晋亿实业,8.5,8.58,8.33,8.4,8.45,0.05,0.5917,2.0245,16047915,136084232.0,6737865000.0,6737865000.0
2520,2017-06-12,sh601002,晋亿实业,8.21,8.4,8.17,8.4,8.5,-0.29,-3.4118,1.6116,12775037,105976201.0,6507984900.0,6507984900.0
2521,2017-06-13,sh601002,晋亿实业,8.34,8.35,8.18,8.19,8.21,0.13,1.5834,1.0012,7936549,65791619.0,6611034600.0,6611034600.0
2522,2017-06-14,sh601002,晋亿实业,8.42,8.44,8.28,8.38,8.34,0.08,0.9592,1.3935,11045998,92378238.0,6674449800.0,6674449800.0
2523,2017-06-15,sh601002,晋亿实业,8.55,8.58,8.38,8.43,8.42,0.13,1.5439,1.9477,15438954,131284585.0,6777499500.0,6777499500.0
2524,2017-06-16,sh601002,晋亿实业,8.49,8.56,8.44,8.55,8.55,-0.06,-0.7018,1.3678,10842409,92155629.0,6729938100.0,6729938100.0
2525,2017-06-19,sh601002,晋亿实业,8.65,8.67,8.5,8.54,8.49,0.16,1.8846,2.1179,16788512,144250797.0,6856768500.0,6856768500.0
2526,2017-06-20,sh601002,晋亿实业,8.63,8.72,8.58,8.65,8.65,-0.02,-0.2312,1.8582,14729683,127210799.0,6840914700.0,6840914700.0
2527,2017-06-21,sh601002,晋亿实业,8.58,8.69,8.5,8.66,8.63,-0.05,-0.5794,1.3121,10400800,89295511.0,6801280200.0,6801280200.0
2528,2017-06-22,sh601002,晋亿实业,8.27,8.64,8.25,8.6,8.58,-0.31,-3.6131,2.0116,15945843,135111801.0,6555546300.0,6555546300.0
2529,2017-06-23,sh601002,晋亿实业,8.32,8.33,8.1,8.25,8.27,0.05,0.6046,1.6717,13251479,109057200.0,6595180800.0,6595180800.0
2530,2017-06-26,sh601002,晋亿实业,8.86,9.15,8.32,8.33,8.32,0.54,6.4904,4.9323,39098080,344879789.0,7023233400.0,7023233400.0
2531,2017-06-27,sh601002,晋亿实业,8.73,8.84,8.69,8.84,8.86,-0.13,-1.4673,2.4835,19686359,172255850.0,6920183700.0,6920183700.0
2532,2017-06-28,sh601002,晋亿实业,8.66,8.73,8.55,8.7,8.73,-0.07,-0.8018,1.9001,15062229,129906472.0,6864695400.0,6864695400.0
2533,2017-06-29,sh601002,晋亿实业,8.68,8.78,8.64,8.7,8.66,0.02,0.2309,1.7255,13677963,119127461.0,6880549200.0,6880549200.0
2534,2017-06-30,sh601002,晋亿实业,8.65,8.69,8.55,8.66,8.68,-0.03,-0.3456,1.1618,9209317,79356183.0,6856768500.0,6856768500.0
2535,2017-07-03,sh601002,晋亿实业,8.8,8.82,8.62,8.66,8.65,0.15,1.7341,1.8775,14882932,130041082.0,6975672000.0,6975672000.0
2536,2017-07-04,sh601002,晋亿实业,8.7,8.81,8.69,8.8,8.8,-0.1,-1.1364,1.1195,8874127,77411072.0,6896403000.0,6896403000.0
2537,2017-07-05,sh601002,晋亿实业,8.75,8.76,8.63,8.66,8.7,0.05,0.5747,1.2462,9878653,86113920.0,6936037500.0,6936037500.0
2538,2017-07-06,sh601002,晋亿实业,8.74,8.81,8.62,8.75,8.75,-0.01,-0.1143,1.6448,13037949,113839085.0,6928110600.0,6928110600.0
2539,2017-07-07,sh601002,晋亿实业,8.76,8.78,8.63,8.73,8.74,0.02,0.2288,1.5893,12598119,109721236.0,6943964400.0,6943964400.0
2540,2017-07-10,sh601002,晋亿实业,8.85,8.93,8.69,8.74,8.76,0.09,1.0274,3.0003,23783229,210113047.0,7015306500.0,7015306500.0
2541,2017-07-11,sh601002,晋亿实业,8.96,9.48,8.77,8.81,8.85,0.11,1.2429,4.4182,35022653,316965377.0,7102502400.0,7102502400.0
2542,2017-07-12,sh601002,晋亿实业,9.11,9.18,8.9,8.9,8.96,0.15,1.6741,3.6918,29264394,264321420.0,7221405900.0,7221405900.0
2543,2017-07-13,sh601002,晋亿实业,9.52,9.64,9.05,9.15,9.11,0.41,4.5005,6.7981,53887512,504481116.0,7546408800.0,7546408800.0
2544,2017-07-14,sh601002,晋亿实业,9.38,9.55,9.35,9.39,9.52,-0.14,-1.4706,3.9312,31161847,293576257.0,7435432200.0,7435432200.0
2545,2017-07-17,sh601002,晋亿实业,8.86,9.5,8.72,9.36,9.38,-0.52,-5.5437,4.0013,31718274,286961519.0,7023233400.0,7023233400.0
2546,2017-07-18,sh601002,晋亿实业,9.23,9.31,8.81,8.81,8.86,0.37,4.1761,3.6371,28831079,262871274.0,7316528700.0,7316528700.0
2547,2017-07-19,sh601002,晋亿实业,9.53,9.54,9.08,9.17,9.23,0.3,3.2503,4.8623,38542936,360211966.0,7554335700.0,7554335700.0
2548,2017-07-20,sh601002,晋亿实业,9.54,9.58,9.37,9.5,9.53,0.01,0.1049,3.8494,30513414,288574554.0,7562262600.0,7562262600.0
2549,2017-07-21,sh601002,晋亿实业,9.71,9.84,9.43,9.49,9.54,0.17,1.782,5.6553,44829385,432868947.0,7697019900.0,7697019900.0
2550,2017-07-24,sh601002,晋亿实业,9.53,9.78,9.5,9.63,9.71,-0.18,-1.8538,3.8015,30133821,290811898.0,7554335700.0,7554335700.0
2551,2017-07-25,sh601002,晋亿实业,9.55,9.98,9.53,9.77,9.53,0.02,0.2099,5.7488,45570418,444568142.0,7570189500.0,7570189500.0
2552,2017-07-26,sh601002,晋亿实业,9.49,9.6,9.22,9.43,9.55,-0.06,-0.6283,3.8676,30658211,287884624.0,7522628100.0,7522628100.0
2553,2017-07-27,sh601002,晋亿实业,9.72,9.78,9.26,9.46,9.49,0.23,2.4236,4.388,34783038,331588394.0,7704946800.0,7704946800.0
2554,2017-07-28,sh601002,晋亿实业,9.56,9.69,9.53,9.64,9.72,-0.16,-1.6461,2.3261,18438739,177040975.0,7578116400.0,7578116400.0
2555,2017-07-31,sh601002,晋亿实业,9.59,9.7,9.42,9.53,9.56,0.03,0.3138,2.4427,19363367,184992857.0,7601897100.0,7601897100.0
2556,2017-08-01,sh601002,晋亿实业,9.49,9.69,9.45,9.56,9.59,-0.1,-1.0428,2.9846,23658748,226108704.0,7522628100.0,7522628100.0
2557,2017-08-02,sh601002,晋亿实业,9.15,9.5,9.13,9.49,9.49,-0.34,-3.5827,3.6836,29199594,271526196.0,7253113500.0,7253113500.0
2558,2017-08-03,sh601002,晋亿实业,9.19,9.32,9.1,9.13,9.15,0.04,0.4372,1.8572,14722102,135743987.0,7284821100.0,7284821100.0
2559,2017-08-04,sh601002,晋亿实业,9.28,9.44,9.25,9.25,9.19,0.09,0.9793,2.5213,19986144,186793159.0,7356163200.0,7356163200.0
2560,2017-08-07,sh601002,晋亿实业,9.46,9.47,9.16,9.2,9.28,0.18,1.9397,2.2268,17651293,165192458.0,7498847400.0,7498847400.0
2561,2017-08-08,sh601002,晋亿实业,9.45,9.56,9.38,9.45,9.46,-0.01,-0.1057,2.0987,16636560,157270053.0,7490920500.0,7490920500.0
2562,2017-08-09,sh601002,晋亿实业,9.63,9.72,9.39,9.48,9.45,0.18,1.9048,3.5337,28011246,268595771.0,7633604700.0,7633604700.0
2563,2017-08-10,sh601002,晋亿实业,9.38,9.63,9.27,9.55,9.63,-0.25,-2.5961,2.9814,23633564,223421517.0,7435432200.0,7435432200.0
2564,2017-08-11,sh601002,晋亿实业,8.95,9.29,8.92,9.29,9.38,-0.43,-4.5842,2.7363,21690014,197707015.0,7094575500.0,7094575500.0
2565,2017-08-14,sh601002,晋亿实业,9.14,9.26,8.98,8.98,8.95,0.19,2.1229,1.6115,12774156,116586421.0,7245186600.0,7245186600.0
2566,2017-08-15,sh601002,晋亿实业,9.14,9.22,9.06,9.15,9.14,0.0,0.0,1.1273,8935617,81601049.0,7245186600.0,7245186600.0
2567,2017-08-16,sh601002,晋亿实业,9.11,9.14,8.99,9.1,9.14,-0.03,-0.3282,1.4074,11156091,101121255.0,7221405900.0,7221405900.0
2568,2017-08-17,sh601002,晋亿实业,9.28,9.38,9.11,9.12,9.11,0.17,1.8661,2.1227,16826509,155660860.0,7356163200.0,7356163200.0
2569,2017-08-18,sh601002,晋亿实业,9.27,9.36,9.15,9.2,9.28,-0.01,-0.1078,1.7492,13866111,128355427.0,7348236300.0,7348236300.0
2570,2017-08-21,sh601002,晋亿实业,9.6,9.68,9.33,9.41,9.27,0.33,3.5599,4.4545,35310051,336589407.0,7609824000.0,7609824000.0
2571,2017-08-22,sh601002,晋亿实业,9.46,9.61,9.38,9.61,9.6,-0.14,-1.4583,2.538,20118666,190409222.0,7498847400.0,7498847400.0
2572,2017-08-23,sh601002,晋亿实业,9.54,9.59,9.36,9.42,9.46,0.08,0.8457,2.3248,18428626,174802414.0,7562262600.0,7562262600.0
2573,2017-08-24,sh601002,晋亿实业,9.3,9.56,9.24,9.53,9.54,-0.24,-2.5157,1.9292,15292482,143369292.0,7372017000.0,7372017000.0
2574,2017-08-25,sh601002,晋亿实业,9.58,9.6,9.21,9.25,9.3,0.28,3.0108,3.0806,24419215,231087086.0,7593970200.0,7593970200.0
2575,2017-08-28,sh601002,晋亿实业,9.62,9.72,9.55,9.58,9.58,0.04,0.4175,3.2079,25428349,244677841.0,7625677800.0,7625677800.0
2576,2017-08-29,sh601002,晋亿实业,9.78,10.09,9.57,9.62,9.62,0.16,1.6632,4.7915,37981412,373180979.0,7752508200.0,7752508200.0
2577,2017-08-30,sh601002,晋亿实业,9.85,9.97,9.68,9.71,9.78,0.07,0.7157,3.976,31517071,309342580.0,7807996500.0,7807996500.0
2578,2017-08-31,sh601002,晋亿实业,10.05,10.46,9.97,10.32,9.85,0.2,2.0305,6.944,55044619,556867285.0,7966534500.0,7966534500.0
2579,2017-09-01,sh601002,晋亿实业,10.2,10.27,9.95,10.0,10.05,0.15,1.4925,4.7564,37703421,380569971.0,8085438000.0,8085438000.0
2580,2017-09-04,sh601002,晋亿实业,9.9,10.15,9.84,10.14,10.2,-0.3,-2.9412,4.4218,35051456,348664559.0,7847631000.0,7847631000.0
2581,2017-09-05,sh601002,晋亿实业,9.74,9.88,9.72,9.82,9.9,-0.16,-1.6162,2.6535,21033688,205690054.0,7720800600.0,7720800600.0
2582,2017-09-06,sh601002,晋亿实业,9.87,9.94,9.64,9.7,9.74,0.13,1.3347,2.8767,22803161,223745084.0,7823850300.0,7823850300.0
2583,2017-09-07,sh601002,晋亿实业,9.63,9.84,9.6,9.84,9.87,-0.24,-2.4316,2.4913,19748192,191940562.0,7633604700.0,7633604700.0
2584,2017-09-08,sh601002,晋亿实业,9.72,9.74,9.59,9.62,9.63,0.09,0.9346,1.6887,13385980,129554613.0,7704946800.0,7704946800.0
2585,2017-09-11,sh601002,晋亿实业,9.75,9.79,9.68,9.69,9.72,0.03,0.3086,1.5118,11983857,116663763.0,7728727500.0,7728727500.0
2586,2017-09-12,sh601002,晋亿实业,9.73,9.82,9.64,9.75,9.75,-0.02,-0.2051,2.3636,18735934,182034872.0,7712873700.0,7712873700.0
2587,2017-09-13,sh601002,晋亿实业,9.74,9.78,9.66,9.74,9.73,0.01,0.1028,1.2786,10135230,98450140.0,7720800600.0,7720800600.0
2588,2017-09-14,sh601002,晋亿实业,10.04,10.16,9.82,9.82,9.74,0.3,3.0801,5.8559,46419232,465547318.0,7958607600.0,7958607600.0
2589,2017-09-15,sh601002,晋亿实业,10.02,10.03,9.85,9.97,10.04,-0.02,-0.1992,2.5918,20544654,203855901.0,7942753800.0,7942753800.0
2590,2017-09-18,sh601002,晋亿实业,10.12,10.15,9.92,10.0,10.02,0.1,0.998,2.8308,22439302,225351055.0,8022022800.0,8022022800.0
2591,2017-09-19,sh601002,晋亿实业,9.95,10.12,9.89,10.11,10.12,-0.17,-1.6798,2.3951,18985608,189839186.0,7887265500.0,7887265500.0
2592,2017-09-20,sh601002,晋亿实业,9.91,9.99,9.8,9.89,9.95,-0.04,-0.402,1.9319,15314024,151390760.0,7855557900.0,7855557900.0
2593,2017-09-21,sh601002,晋亿实业,9.66,9.93,9.65,9.88,9.91,-0.25,-2.5227,2.2211,17606600,172336798.0,7657385400.0,7657385400.0
2594,2017-09-22,sh601002,晋亿实业,9.49,9.63,9.48,9.58,9.66,-0.17,-1.7598,1.6354,12963301,123590530.0,7522628100.0,7522628100.0
2595,2017-09-25,sh601002,晋亿实业,9.26,9.62,9.23,9.52,9.49,-0.23,-2.4236,1.6079,12745830,120493696.0,7340309400.0,7340309400.0
2596,2017-09-26,sh601002,晋亿实业,9.31,9.32,9.23,9.25,9.26,0.05,0.54,1.1913,9443331,87548847.0,7379943900.0,7379943900.0
2597,2017-09-27,sh601002,晋亿实业,9.38,9.45,9.28,9.3,9.31,0.07,0.7519,1.1509,9122801,85673723.0,7435432200.0,7435432200.0
2598,2017-09-28,sh601002,晋亿实业,9.29,9.42,9.28,9.38,9.38,-0.09,-0.9595,0.9046,7170879,66929803.0,7364090100.0,7364090100.0
2599,2017-09-29,sh601002,晋亿实业,9.4,9.43,9.3,9.34,9.29,0.11,1.1841,0.9455,7494686,70299057.0,7451286000.0,7451286000.0
2600,2017-10-09,sh601002,晋亿实业,9.55,9.62,9.48,9.5,9.4,0.15,1.5957,1.3468,10675625,101918759.0,7570189500.0,7570189500.0
2601,2017-10-10,sh601002,晋亿实业,9.71,9.78,9.53,9.59,9.55,0.16,1.6754,1.7793,14104516,136100103.0,7697019900.0,7697019900.0
2602,2017-10-11,sh601002,晋亿实业,9.67,9.85,9.64,9.73,9.71,-0.04,-0.4119,1.4843,11765750,114691936.0,7665312300.0,7665312300.0
2603,2017-10-12,sh601002,晋亿实业,9.61,9.74,9.55,9.63,9.67,-0.06,-0.6205,0.9452,7492589,72176185.0,7617750900.0,7617750900.0
2604,2017-10-13,sh601002,晋亿实业,9.76,9.84,9.61,9.61,9.61,0.15,1.5609,1.2732,10092399,98348363.0,7736654400.0,7736654400.0
2605,2017-10-16,sh601002,晋亿实业,9.71,9.94,9.7,9.78,9.76,-0.05,-0.5123,1.8212,14436392,141691318.0,7697019900.0,7697019900.0
2606,2017-10-17,sh601002,晋亿实业,9.53,9.68,9.48,9.68,9.71,-0.18,-1.8538,1.3057,10349936,98828833.0,7554335700.0,7554335700.0
2607,2017-10-18,sh601002,晋亿实业,9.25,9.61,9.24,9.54,9.53,-0.28,-2.9381,1.4493,11488123,108167390.0,7332382500.0,7332382500.0
2608,2017-10-19,sh601002,晋亿实业,8.91,9.32,8.85,9.25,9.25,-0.34,-3.6757,2.4221,19199511,173612565.0,7062867900.0,7062867900.0
2609,2017-10-20,sh601002,晋亿实业,9.07,9.1,8.9,8.91,8.91,0.16,1.7957,0.9722,7706210,69525790.0,7189698300.0,7189698300.0
2610,2017-10-23,sh601002,晋亿实业,9.17,9.22,9.07,9.07,9.07,0.1,1.1025,0.9513,7540845,69053391.0,7268967300.0,7268967300.0
2611,2017-10-24,sh601002,晋亿实业,9.3,9.38,9.12,9.15,9.17,0.13,1.4177,1.5616,12378343,114284421.0,7372017000.0,7372017000.0
2612,2017-10-25,sh601002,晋亿实业,9.35,9.54,9.31,9.37,9.3,0.05,0.5376,1.6084,12749277,119890078.0,7411651500.0,7411651500.0
2613,2017-10-26,sh601002,晋亿实业,10.29,10.29,9.28,9.28,9.35,0.94,10.0535,9.4214,74682335,759991177.0,8156780100.0,8156780100.0
2614,2017-10-27,sh601002,晋亿实业,10.73,10.96,10.48,10.6,10.29,0.44,4.276,17.4795,138558552,1481034098.0,8505563700.0,8505563700.0
2615,2017-10-30,sh601002,晋亿实业,11.06,11.51,10.5,10.52,10.73,0.33,3.0755,15.7425,124788866,1369763752.0,8767151400.0,8767151400.0
2616,2017-10-31,sh601002,晋亿实业,10.91,11.07,10.63,10.9,11.06,-0.15,-1.3562,10.8552,86048094,934096767.0,8648247900.0,8648247900.0
2617,2017-11-01,sh601002,晋亿实业,11.0,11.33,10.71,10.84,10.91,0.09,0.8249,10.5446,83585725,919090750.0,8719590000.0,8719590000.0
2618,2017-11-02,sh601002,晋亿实业,10.7,10.89,10.6,10.82,11.0,-0.3,-2.7273,6.837,54196606,581090528.0,8481783000.0,8481783000.0
2619,2017-11-03,sh601002,晋亿实业,11.16,11.18,10.48,10.68,10.7,0.46,4.2991,10.5513,83639371,908926809.0,8846420400.0,8846420400.0
2620,2017-11-06,sh601002,晋亿实业,11.14,11.23,10.8,11.01,11.16,-0.02,-0.1792,7.5904,60168359,660687520.0,8830566600.0,8830566600.0
2621,2017-11-07,sh601002,晋亿实业,10.91,11.4,10.89,11.1,11.14,-0.23,-2.0646,9.6682,76638836,854481070.0,8648247900.0,8648247900.0
2622,2017-11-08,sh601002,晋亿实业,11.16,11.26,10.56,10.8,10.91,0.25,2.2915,8.0803,64051967,689877328.0,8846420400.0,8846420400.0
2623,2017-11-09,sh601002,晋亿实业,11.29,11.49,10.91,10.94,11.16,0.13,1.1649,10.632,84278575,945497952.0,8949470100.0,8949470100.0
2624,2017-11-10,sh601002,晋亿实业,10.86,11.19,10.78,11.17,11.29,-0.43,-3.8087,8.2202,65160986,714672252.0,8608613400.0,8608613400.0
2625,2017-11-13,sh601002,晋亿实业,10.88,10.97,10.65,10.75,10.86,0.02,0.1842,5.1296,40661929,439175353.0,8624467200.0,8624467200.0
2626,2017-11-14,sh601002,晋亿实业,10.38,10.85,10.36,10.8,10.88,-0.5,-4.5956,6.0378,47861404,505274543.0,8228122200.0,8228122200.0
2627,2017-11-15,sh601002,晋亿实业,10.32,10.48,10.12,10.3,10.38,-0.06,-0.578,4.2123,33390602,344401829.0,8180560800.0,8180560800.0
2628,2017-11-16,sh601002,晋亿实业,10.03,10.42,10.01,10.25,10.32,-0.29,-2.8101,3.9815,31561193,322061268.0,7950680700.0,7950680700.0
2629,2017-11-17,sh601002,晋亿实业,9.78,10.19,9.56,10.06,10.03,-0.25,-2.4925,4.2389,33601341,337114686.0,7752508200.0,7752508200.0
2630,2017-11-20,sh601002,晋亿实业,9.64,9.78,9.31,9.76,9.78,-0.14,-1.4315,2.8675,22730672,216764820.0,7641531600.0,7641531600.0
2631,2017-11-21,sh601002,晋亿实业,9.69,9.97,9.6,9.63,9.64,0.05,0.5187,3.9802,31551022,307820113.0,7681166100.0,7681166100.0
2632,2017-11-22,sh601002,晋亿实业,10.2,10.35,9.61,9.62,9.69,0.51,5.2632,7.0944,56236965,565517530.0,8085438000.0,8085438000.0
2633,2017-11-23,sh601002,晋亿实业,9.46,10.27,9.31,10.17,10.2,-0.74,-7.2549,5.0911,40357032,400327527.0,7498847400.0,7498847400.0
2634,2017-11-24,sh601002,晋亿实业,9.5,9.66,9.2,9.31,9.46,0.04,0.4228,2.7889,22107385,209882498.0,7530555000.0,7530555000.0
2635,2017-11-27,sh601002,晋亿实业,9.65,10.07,9.57,9.62,9.5,0.15,1.5789,3.6956,29295014,287325681.0,7649458500.0,7649458500.0
2636,2017-11-28,sh601002,晋亿实业,9.77,9.8,9.35,9.5,9.65,0.12,1.2435,2.8743,22784097,217677436.0,7744581300.0,7744581300.0
2637,2017-11-29,sh601002,晋亿实业,9.9,9.94,9.52,9.7,9.77,0.13,1.3306,3.1497,24967727,243050344.0,7847631000.0,7847631000.0
2638,2017-11-30,sh601002,晋亿实业,10.01,10.19,9.79,9.83,9.9,0.11,1.1111,4.3933,34825130,349359169.0,7934826900.0,7934826900.0
2639,2017-12-01,sh601002,晋亿实业,10.0,10.07,9.85,9.95,10.01,-0.01,-0.0999,2.2827,18094793,180406890.0,7926900000.0,7926900000.0
2640,2017-12-04,sh601002,晋亿实业,9.67,10.0,9.61,10.0,10.0,-0.33,-3.3,2.1833,17307052,170399847.0,7665312300.0,7665312300.0
2641,2017-12-05,sh601002,晋亿实业,9.64,9.88,9.3,9.61,9.67,-0.03,-0.3102,2.7769,22011933,212765677.0,7641531600.0,7641531600.0
2642,2017-12-06,sh601002,晋亿实业,10.02,10.03,9.47,9.56,9.64,0.38,3.9419,3.2218,25538620,249845570.0,7942753800.0,7942753800.0
2643,2017-12-07,sh601002,晋亿实业,10.01,10.2,9.91,9.97,10.02,-0.01,-0.0998,3.1913,25297039,254634125.0,7934826900.0,7934826900.0
2644,2017-12-08,sh601002,晋亿实业,10.01,10.07,9.84,10.06,10.01,0.0,0.0,3.0379,24081295,239826473.0,7934826900.0,7934826900.0
2645,2017-12-11,sh601002,晋亿实业,10.06,10.11,9.95,10.02,10.01,0.05,0.4995,2.4199,19182499,192352939.0,7974461400.0,7974461400.0
2646,2017-12-12,sh601002,晋亿实业,9.67,10.1,9.66,10.1,10.06,-0.39,-3.8767,2.7455,21762996,214407197.0,7665312300.0,7665312300.0
2647,2017-12-13,sh601002,晋亿实业,9.75,9.77,9.55,9.55,9.67,0.08,0.8273,1.8165,14399101,139340620.0,7728727500.0,7728727500.0
2648,2017-12-14,sh601002,晋亿实业,9.78,9.92,9.61,9.72,9.75,0.03,0.3077,2.3572,18685673,182690216.0,7752508200.0,7752508200.0
2649,2017-12-15,sh601002,晋亿实业,9.89,9.92,9.67,9.76,9.78,0.11,1.1247,2.5928,20552699,201665600.0,7839704100.0,7839704100.0
2650,2017-12-18,sh601002,晋亿实业,9.88,10.07,9.79,9.84,9.89,-0.01,-0.1011,2.5453,20176511,200515343.0,7831777200.0,7831777200.0
2651,2017-12-19,sh601002,晋亿实业,10.06,10.14,9.87,9.87,9.88,0.18,1.8219,2.9346,23262523,233429143.0,7974461400.0,7974461400.0
2652,2017-12-20,sh601002,晋亿实业,10.34,10.61,10.2,10.2,10.06,0.28,2.7833,6.5067,51577711,537687842.0,8196414600.0,8196414600.0
2653,2017-12-21,sh601002,晋亿实业,10.45,10.53,10.09,10.22,10.34,0.11,1.0638,4.7936,37998267,392572374.0,8283610500.0,8283610500.0
2654,2017-12-22,sh601002,晋亿实业,10.36,10.58,10.33,10.4,10.45,-0.09,-0.8612,3.7292,29561161,308951544.0,8212268400.0,8212268400.0
2655,2017-12-25,sh601002,晋亿实业,10.17,10.49,10.09,10.34,10.36,-0.19,-1.834,3.5565,28192333,289170363.0,8061657300.0,8061657300.0
2656,2017-12-26,sh601002,晋亿实业,10.75,10.8,10.15,10.23,10.17,0.58,5.703,6.7068,53163771,559605459.0,8521417500.0,8521417500.0
2657,2017-12-27,sh601002,晋亿实业,10.43,10.74,10.42,10.63,10.75,-0.32,-2.9767,4.77,37811594,399819510.0,8267756700.0,8267756700.0
2658,2017-12-28,sh601002,晋亿实业,10.55,10.75,10.33,10.41,10.43,0.12,1.1505,4.4454,35238412,372265619.0,8362879500.0,8362879500.0
2659,2017-12-29,sh601002,晋亿实业,10.73,10.85,10.48,10.51,10.55,0.18,1.7062,4.2358,33576428,359196357.0,8505563700.0,8505563700.0
2660,2018-01-02,sh601002,晋亿实业,10.95,11.08,10.76,10.86,10.73,0.22,2.0503,5.3296,42247182,461401022.0,8679955500.0,8679955500.0
2661,2018-01-03,sh601002,晋亿实业,10.8,10.95,10.72,10.89,10.95,-0.15,-1.3699,3.924,31105440,335344459.0,8561052000.0,8561052000.0
2662,2018-01-04,sh601002,晋亿实业,10.81,10.9,10.61,10.78,10.8,0.01,0.0926,3.2236,25552898,274254479.0,8568978900.0,8568978900.0
2663,2018-01-05,sh601002,晋亿实业,10.58,10.83,10.53,10.75,10.81,-0.23,-2.1277,2.6527,21027520,225121974.0,8386660200.0,8386660200.0
2664,2018-01-08,sh601002,晋亿实业,10.58,10.61,10.34,10.5,10.58,0.0,0.0,2.986,23669369,247599858.0,8386660200.0,8386660200.0
2665,2018-01-09,sh601002,晋亿实业,10.54,10.75,10.49,10.53,10.58,-0.04,-0.3781,2.6797,21241680,226062303.0,8354952600.0,8354952600.0
2666,2018-01-10,sh601002,晋亿实业,10.96,11.02,10.43,10.53,10.54,0.42,3.9848,6.1622,48847530,529101745.0,8687882400.0,8687882400.0
2667,2018-01-11,sh601002,晋亿实业,10.94,10.95,10.78,10.87,10.96,-0.02,-0.1825,3.5603,28221971,306713199.0,8672028600.0,8672028600.0
2668,2018-01-12,sh601002,晋亿实业,10.54,10.95,10.53,10.9,10.94,-0.4,-3.6563,3.4711,27515204,294451108.0,8354952600.0,8354952600.0
2669,2018-01-15,sh601002,晋亿实业,9.95,10.49,9.9,10.49,10.54,-0.59,-5.5977,4.0186,31855239,323503403.0,7887265500.0,7887265500.0
2670,2018-01-16,sh601002,晋亿实业,10.13,10.18,9.83,9.9,9.95,0.18,1.809,2.3197,18387697,184375345.0,8029949700.0,8029949700.0
2671,2018-01-17,sh601002,晋亿实业,10.15,10.25,10.01,10.08,10.13,0.02,0.1974,1.9993,15848046,160763175.0,8045803500.0,8045803500.0
2672,2018-01-18,sh601002,晋亿实业,10.23,10.33,10.04,10.04,10.15,0.08,0.7882,2.143,16987419,173410857.0,8109218700.0,8109218700.0
2673,2018-01-19,sh601002,晋亿实业,10.11,10.29,10.0,10.16,10.23,-0.12,-1.173,1.9247,15257248,154501383.0,8014095900.0,8014095900.0
2674,2018-01-22,sh601002,晋亿实业,10.2,10.22,10.0,10.02,10.11,0.09,0.8902,1.54,12207502,123509018.0,8085438000.0,8085438000.0
2675,2018-01-23,sh601002,晋亿实业,10.39,10.46,10.16,10.18,10.2,0.19,1.8627,2.5417,20147432,208187059.0,8236049100.0,8236049100.0
2676,2018-01-24,sh601002,晋亿实业,10.4,10.48,10.23,10.34,10.39,0.01,0.0962,2.1997,17437037,180390913.0,8243976000.0,8243976000.0
2677,2018-01-25,sh601002,晋亿实业,10.42,10.56,10.3,10.4,10.4,0.02,0.1923,2.1039,16677053,173770371.0,8259829800.0,8259829800.0
2678,2018-01-26,sh601002,晋亿实业,10.42,10.5,10.27,10.37,10.42,0.0,0.0,1.7579,13934580,144570541.0,8259829800.0,8259829800.0
2679,2018-01-29,sh601002,晋亿实业,10.11,10.59,10.06,10.38,10.42,-0.31,-2.975,2.6919,21338215,220642915.0,8014095900.0,8014095900.0
2680,2018-01-30,sh601002,晋亿实业,10.27,10.34,10.0,10.08,10.11,0.16,1.5826,1.8309,14513334,147898021.0,8140926300.0,8140926300.0
2681,2018-01-31,sh601002,晋亿实业,10.43,10.52,10.05,10.29,10.27,0.16,1.5579,3.0412,24107391,249407701.0,8267756700.0,8267756700.0
2682,2018-02-01,sh601002,晋亿实业,9.45,10.45,9.39,10.38,10.43,-0.98,-9.396,3.6886,29239032,292056330.0,7490920500.0,7490920500.0
2683,2018-02-02,sh601002,晋亿实业,8.98,9.41,8.92,9.4,9.45,-0.47,-4.9735,3.2678,25903163,237140798.0,7118356200.0,7118356200.0
2684,2018-02-05,sh601002,晋亿实业,8.85,9.06,8.73,8.75,8.98,-0.13,-1.4477,2.4475,19401445,172884405.0,7015306500.0,7015306500.0
2685,2018-02-06,sh601002,晋亿实业,8.17,8.83,8.14,8.72,8.85,-0.68,-7.6836,3.0567,24230486,205206682.0,6476277300.0,6476277300.0
2686,2018-02-07,sh601002,晋亿实业,8.2,8.47,7.99,8.35,8.17,0.03,0.3672,2.2914,18163966,149653870.0,6500058000.0,6500058000.0
2687,2018-02-08,sh601002,晋亿实业,8.28,8.42,8.07,8.16,8.2,0.08,0.9756,2.3921,18962203,156107343.0,6563473200.0,6563473200.0
2688,2018-02-09,sh601002,晋亿实业,7.83,8.1,7.61,8.02,8.28,-0.45,-5.4348,2.6584,21072485,166612321.0,6206762700.0,6206762700.0
2689,2018-02-12,sh601002,晋亿实业,8.0,8.04,7.85,7.9,7.83,0.17,2.1711,1.4395,11411008,90836649.0,6341520000.0,6341520000.0
2690,2018-02-13,sh601002,晋亿实业,8.05,8.18,8.01,8.08,8.0,0.05,0.625,1.4599,11572372,93663458.0,6381154500.0,6381154500.0
2691,2018-02-14,sh601002,晋亿实业,7.93,8.09,7.9,8.05,8.05,-0.12,-1.4907,1.4823,11749767,93730642.0,6286031700.0,6286031700.0
2692,2018-02-22,sh601002,晋亿实业,8.12,8.13,8.0,8.03,7.93,0.19,2.396,1.207,9567907,77288432.0,6436642800.0,6436642800.0
2693,2018-02-23,sh601002,晋亿实业,8.22,8.24,8.07,8.13,8.12,0.1,1.2315,1.6258,12887700,105355105.0,6515911800.0,6515911800.0
2694,2018-02-26,sh601002,晋亿实业,8.41,8.43,8.16,8.28,8.22,0.19,2.3114,2.0951,16607640,138158328.0,6666522900.0,6666522900.0
2695,2018-02-27,sh601002,晋亿实业,8.4,8.73,8.25,8.38,8.41,-0.01,-0.1189,3.2719,25936399,218345976.0,6658596000.0,6658596000.0
2696,2018-02-28,sh601002,晋亿实业,8.45,8.55,8.21,8.29,8.4,0.05,0.5952,2.2205,17601873,147861513.0,6698230500.0,6698230500.0
2697,2018-03-01,sh601002,晋亿实业,8.55,8.59,8.37,8.4,8.45,0.1,1.1834,1.7691,14023759,118986377.0,6777499500.0,6777499500.0
2698,2018-03-02,sh601002,晋亿实业,8.37,8.53,8.35,8.49,8.55,-0.18,-2.1053,1.6501,13079999,110421008.0,6634815300.0,6634815300.0
2699,2018-03-05,sh601002,晋亿实业,8.47,8.48,8.36,8.36,8.37,0.1,1.1947,1.1279,8940753,75383605.0,6714084300.0,6714084300.0
2700,2018-03-06,sh601002,晋亿实业,8.6,8.64,8.45,8.45,8.47,0.13,1.5348,1.9323,15317126,131133565.0,6817134000.0,6817134000.0
2701,2018-03-07,sh601002,晋亿实业,8.51,8.61,8.45,8.56,8.6,-0.09,-1.0465,1.4262,11305210,96407790.0,6745791900.0,6745791900.0
2702,2018-03-08,sh601002,晋亿实业,8.57,8.58,8.45,8.52,8.51,0.06,0.7051,1.1286,8946641,76270677.0,6793353300.0,6793353300.0
2703,2018-03-09,sh601002,晋亿实业,8.65,8.69,8.52,8.55,8.57,0.08,0.9335,1.8832,14928061,128508600.0,6856768500.0,6856768500.0
2704,2018-03-12,sh601002,晋亿实业,8.73,8.76,8.63,8.67,8.65,0.08,0.9249,1.8774,14881723,129561233.0,6920183700.0,6920183700.0
2705,2018-03-13,sh601002,晋亿实业,8.58,8.73,8.57,8.73,8.73,-0.15,-1.7182,1.7478,13854781,119564261.0,6801280200.0,6801280200.0
2706,2018-03-14,sh601002,晋亿实业,8.46,8.56,8.42,8.53,8.58,-0.12,-1.3986,1.572,12460703,105683632.0,6706157400.0,6706157400.0
2707,2018-03-15,sh601002,晋亿实业,8.54,8.75,8.42,8.44,8.46,0.08,0.9456,1.6156,12806749,109544376.0,6769572600.0,6769572600.0
2708,2018-03-16,sh601002,晋亿实业,8.64,8.78,8.53,8.57,8.54,0.1,1.171,2.8565,22642899,196916161.0,6848841600.0,6848841600.0
2709,2018-03-19,sh601002,晋亿实业,8.74,8.87,8.53,8.59,8.64,0.1,1.1574,2.1961,17408173,152151364.0,6928110600.0,6928110600.0
2710,2018-03-20,sh601002,晋亿实业,8.92,8.98,8.62,8.66,8.74,0.18,2.0595,2.8309,22440021,198148246.0,7070794800.0,7070794800.0
2711,2018-03-21,sh601002,晋亿实业,8.78,9.06,8.73,9.0,8.92,-0.14,-1.5695,3.013,23883975,212540858.0,6959818200.0,6959818200.0
2712,2018-03-22,sh601002,晋亿实业,8.72,8.81,8.58,8.77,8.78,-0.06,-0.6834,1.5742,12478700,108433377.0,6912256800.0,6912256800.0
2713,2018-03-23,sh601002,晋亿实业,7.87,8.48,7.86,8.4,8.72,-0.85,-9.7477,3.5081,27808409,226082198.0,6238470300.0,6238470300.0
2714,2018-03-26,sh601002,晋亿实业,8.09,8.1,7.65,7.74,7.87,0.22,2.7954,1.7845,14145919,111585847.0,6412862100.0,6412862100.0
2715,2018-03-27,sh601002,晋亿实业,8.23,8.3,8.12,8.18,8.09,0.14,1.7305,1.6684,13225474,108652639.0,6523838700.0,6523838700.0
2716,2018-03-28,sh601002,晋亿实业,8.04,8.25,8.03,8.15,8.23,-0.19,-2.3086,1.3767,10913200,88861771.0,6373227600.0,6373227600.0
2717,2018-03-29,sh601002,晋亿实业,8.26,8.29,8.07,8.11,8.04,0.22,2.7363,1.6384,12987054,106525243.0,6547619400.0,6547619400.0
2718,2018-03-30,sh601002,晋亿实业,8.25,8.33,8.22,8.28,8.26,-0.01,-0.1211,1.4025,11117455,91901215.0,6539692500.0,6539692500.0
2719,2018-04-02,sh601002,晋亿实业,8.21,8.37,8.2,8.24,8.25,-0.04,-0.4848,1.4495,11490167,95196231.0,6507984900.0,6507984900.0
2720,2018-04-03,sh601002,晋亿实业,8.04,8.1,7.97,8.09,8.21,-0.17,-2.0706,1.3722,10877091,87342982.0,6373227600.0,6373227600.0
2721,2018-04-04,sh601002,晋亿实业,8.03,8.23,8.01,8.1,8.04,-0.01,-0.1244,1.1527,9137439,74080673.0,6365300700.0,6365300700.0
2722,2018-04-09,sh601002,晋亿实业,8.07,8.13,7.99,8.01,8.03,0.04,0.4981,1.1422,9054025,72943894.0,6397008300.0,6397008300.0
2723,2018-04-10,sh601002,晋亿实业,8.17,8.19,8.07,8.1,8.07,0.1,1.2392,1.2327,9771133,79422750.0,6476277300.0,6476277300.0
2724,2018-04-11,sh601002,晋亿实业,8.22,8.29,8.19,8.22,8.17,0.05,0.612,1.3721,10876239,89493661.0,6515911800.0,6515911800.0
2725,2018-04-12,sh601002,晋亿实业,8.15,8.25,8.12,8.19,8.22,-0.07,-0.8516,0.9357,7417504,60706915.0,6460423500.0,6460423500.0
2726,2018-04-13,sh601002,晋亿实业,8.08,8.23,8.07,8.18,8.15,-0.07,-0.8589,0.7851,6223655,50623584.0,6404935200.0,6404935200.0
2727,2018-04-16,sh601002,晋亿实业,7.92,8.09,7.85,8.08,8.08,-0.16,-1.9802,1.2136,9620425,76591743.0,6278104800.0,6278104800.0
2728,2018-04-17,sh601002,晋亿实业,7.75,7.97,7.7,7.97,7.92,-0.17,-2.1465,0.9968,7901648,62103223.0,6143347500.0,6143347500.0
2729,2018-04-18,sh601002,晋亿实业,7.92,7.92,7.7,7.83,7.75,0.17,2.1935,0.9728,7710962,60381903.0,6278104800.0,6278104800.0
2730,2018-04-19,sh601002,晋亿实业,7.9,7.97,7.87,7.9,7.92,-0.02,-0.2525,0.8519,6753210,53525326.0,6262251000.0,6262251000.0
2731,2018-04-20,sh601002,晋亿实业,7.69,7.88,7.69,7.86,7.9,-0.21,-2.6582,1.1154,8841931,68618288.0,6095786100.0,6095786100.0
2732,2018-04-23,sh601002,晋亿实业,7.7,7.77,7.6,7.74,7.69,0.01,0.13,0.7239,5738040,44102737.0,6103713000.0,6103713000.0
2733,2018-04-24,sh601002,晋亿实业,7.97,8.09,7.7,7.7,7.7,0.27,3.5065,1.4536,11522617,91335866.0,6317739300.0,6317739300.0
2734,2018-04-25,sh601002,晋亿实业,7.97,8.0,7.86,7.91,7.97,0.0,0.0,0.9003,7136481,56581980.0,6317739300.0,6317739300.0
2735,2018-04-26,sh601002,晋亿实业,7.97,8.03,7.87,7.98,7.97,0.0,0.0,0.9881,7832900,62229018.0,6317739300.0,6317739300.0
2736,2018-04-27,sh601002,晋亿实业,7.88,8.0,7.82,7.97,7.97,-0.09,-1.1292,0.8352,6620803,52323479.0,6246397200.0,6246397200.0
2737,2018-05-02,sh601002,晋亿实业,7.77,7.96,7.71,7.93,7.88,-0.11,-1.3959,0.673,5334940,41533337.0,6159201300.0,6159201300.0
2738,2018-05-03,sh601002,晋亿实业,7.8,7.85,7.63,7.75,7.77,0.03,0.3861,0.8377,6640345,51362717.0,6182982000.0,6182982000.0
2739,2018-05-04,sh601002,晋亿实业,7.74,7.83,7.73,7.76,7.8,-0.06,-0.7692,0.5299,4200303,32624851.0,6135420600.0,6135420600.0
2740,2018-05-07,sh601002,晋亿实业,7.87,7.88,7.79,7.82,7.74,0.13,1.6796,0.8952,7096096,55697141.0,6238470300.0,6238470300.0
2741,2018-05-08,sh601002,晋亿实业,7.93,7.94,7.83,7.86,7.87,0.06,0.7624,0.88,6975648,55061962.0,6286031700.0,6286031700.0
2742,2018-05-09,sh601002,晋亿实业,7.84,7.92,7.79,7.9,7.93,-0.09,-1.1349,0.8258,6546130,51404256.0,6214689600.0,6214689600.0
2743,2018-05-10,sh601002,晋亿实业,7.84,7.89,7.79,7.85,7.84,0.0,0.0,0.6692,5304982,41598287.0,6214689600.0,6214689600.0
2744,2018-05-11,sh601002,晋亿实业,7.73,7.86,7.71,7.85,7.84,-0.11,-1.4031,0.7572,6002200,46652925.0,6127493700.0,6127493700.0
2745,2018-05-14,sh601002,晋亿实业,7.7,7.79,7.67,7.73,7.73,-0.03,-0.3881,0.5342,4234200,32746849.0,6103713000.0,6103713000.0
2746,2018-05-15,sh601002,晋亿实业,7.79,7.8,7.65,7.73,7.7,0.09,1.1688,0.6768,5365295,41472859.0,6175055100.0,6175055100.0
2747,2018-05-16,sh601002,晋亿实业,7.69,7.78,7.63,7.73,7.79,-0.1,-1.2837,0.7681,6088919,46877015.0,6095786100.0,6095786100.0
2748,2018-05-17,sh601002,晋亿实业,7.66,7.72,7.63,7.68,7.69,-0.03,-0.3901,0.6711,5319746,40718996.0,6072005400.0,6072005400.0
2749,2018-05-18,sh601002,晋亿实业,7.79,7.9,7.65,7.67,7.66,0.13,1.6971,1.3256,10507958,81998898.0,6175055100.0,6175055100.0
2750,2018-05-21,sh601002,晋亿实业,7.97,8.02,7.8,7.88,7.79,0.18,2.3107,1.6177,12823206,101722601.0,6317739300.0,6317739300.0
2751,2018-05-22,sh601002,晋亿实业,7.96,7.99,7.89,7.98,7.97,-0.01,-0.1255,0.8183,6486297,51452973.0,6309812400.0,6309812400.0
2752,2018-05-23,sh601002,晋亿实业,7.82,7.96,7.8,7.95,7.96,-0.14,-1.7588,0.6915,5481200,43170589.0,6198835800.0,6198835800.0
2753,2018-05-24,sh601002,晋亿实业,7.91,8.02,7.8,7.85,7.82,0.09,1.1509,0.8634,6843900,54214327.0,6270177900.0,6270177900.0
2754,2018-05-25,sh601002,晋亿实业,7.8,7.96,7.72,7.94,7.91,-0.11,-1.3906,0.7648,6062194,47880151.0,6182982000.0,6182982000.0
2755,2018-05-28,sh601002,晋亿实业,8.06,8.25,7.79,7.79,7.8,0.26,3.3333,2.7061,21451269,172861004.0,6389081400.0,6389081400.0
2756,2018-05-29,sh601002,晋亿实业,8.07,8.12,7.95,8.08,8.06,0.01,0.1241,1.7663,14001669,112587396.0,6397008300.0,6397008300.0
2757,2018-05-30,sh601002,晋亿实业,8.12,8.28,7.83,7.91,8.07,0.05,0.6196,3.6736,29119930,236791873.0,6436642800.0,6436642800.0
2758,2018-05-31,sh601002,晋亿实业,8.27,8.33,8.09,8.16,8.12,0.15,1.8473,3.0748,24373667,201153933.0,6555546300.0,6555546300.0
2759,2018-06-01,sh601002,晋亿实业,8.3,8.33,8.16,8.21,8.27,0.03,0.3628,2.5055,19861013,163759691.0,6579327000.0,6579327000.0
2760,2018-06-04,sh601002,晋亿实业,8.16,8.43,8.08,8.27,8.3,-0.14,-1.6867,2.5236,20004176,165020588.0,6468350400.0,6468350400.0
2761,2018-06-05,sh601002,晋亿实业,8.14,8.24,7.97,8.08,8.16,-0.02,-0.2451,2.1394,16958563,137349805.0,6452496600.0,6452496600.0
2762,2018-06-06,sh601002,晋亿实业,8.12,8.13,8.01,8.09,8.14,-0.02,-0.2457,1.5907,12609375,101696242.0,6436642800.0,6436642800.0
2763,2018-06-07,sh601002,晋亿实业,8.02,8.18,7.96,8.15,8.12,-0.1,-1.2315,1.62,12841559,103238137.0,6357373800.0,6357373800.0
2764,2018-06-08,sh601002,晋亿实业,7.79,7.99,7.68,7.93,8.02,-0.23,-2.8678,2.0781,16472868,128256828.0,6175055100.0,6175055100.0
2765,2018-06-11,sh601002,晋亿实业,7.02,7.73,7.01,7.72,7.79,-0.77,-9.8845,4.5295,35905288,258794155.0,5564683800.0,5564683800.0
2766,2018-06-12,sh601002,晋亿实业,7.01,7.04,6.78,6.98,7.02,-0.01,-0.1425,1.5303,12130262,84346757.0,5556756900.0,5556756900.0
2767,2018-06-13,sh601002,晋亿实业,6.8,7.0,6.78,6.99,7.01,-0.21,-2.9957,1.2116,9604338,65936830.0,5390292000.0,5390292000.0
2768,2018-06-14,sh601002,XD晋亿实,6.69,6.8,6.66,6.71,6.7,-0.01,-0.1493,0.7258,5753069,38704772.0,5303096100.0,5303096100.0
2769,2018-06-15,sh601002,晋亿实业,6.41,6.72,6.31,6.72,6.69,-0.28,-4.1854,1.782,14125677,91180982.0,5081142900.0,5081142900.0
2770,2018-06-19,sh601002,晋亿实业,5.77,6.25,5.77,6.25,6.41,-0.64,-9.9844,2.3664,18758277,112074334.0,4573821300.0,4573821300.0
2771,2018-06-20,sh601002,晋亿实业,5.92,5.98,5.75,5.79,5.77,0.15,2.5997,1.2381,9814458,57537977.0,4692724800.0,4692724800.0
2772,2018-06-21,sh601002,晋亿实业,5.77,6.04,5.75,5.95,5.92,-0.15,-2.5338,1.1756,9318752,54873024.0,4573821300.0,4573821300.0
2773,2018-06-22,sh601002,晋亿实业,5.87,5.89,5.6,5.7,5.77,0.1,1.7331,0.7885,6250398,36190001.0,4653090300.0,4653090300.0
2774,2018-06-25,sh601002,晋亿实业,5.89,5.99,5.87,5.93,5.87,0.02,0.3407,0.9116,7226325,42872351.0,4668944100.0,4668944100.0
2775,2018-06-26,sh601002,晋亿实业,5.95,5.97,5.7,5.75,5.89,0.06,1.0187,0.7512,5954576,34998579.0,4716505500.0,4716505500.0
2776,2018-06-27,sh601002,晋亿实业,6.13,6.36,5.92,5.93,5.95,0.18,3.0252,1.9942,15808181,97635618.0,4859189700.0,4859189700.0
2777,2018-06-28,sh601002,晋亿实业,5.93,6.15,5.92,6.1,6.13,-0.2,-3.2626,0.9239,7323841,44361997.0,4700651700.0,4700651700.0
2778,2018-06-29,sh601002,晋亿实业,6.11,6.13,5.93,5.94,5.93,0.18,3.0354,0.7592,6017734,36492083.0,4843335900.0,4843335900.0
2779,2018-07-02,sh601002,晋亿实业,5.98,6.17,5.92,6.1,6.11,-0.13,-2.1277,0.829,6571200,39716006.0,4740286200.0,4740286200.0
2780,2018-07-03,sh601002,晋亿实业,6.14,6.26,5.97,5.97,5.98,0.16,2.6756,1.1377,9018368,55212731.0,4867116600.0,4867116600.0
2781,2018-07-04,sh601002,晋亿实业,6.07,6.27,6.03,6.1,6.14,-0.07,-1.1401,0.8863,7025931,43008222.0,4811628300.0,4811628300.0
2782,2018-07-05,sh601002,晋亿实业,5.88,6.2,5.86,6.07,6.07,-0.19,-3.1301,0.9471,7507200,45008223.0,4661017200.0,4661017200.0
2783,2018-07-06,sh601002,晋亿实业,5.86,5.97,5.65,5.88,5.88,-0.02,-0.3401,1.0908,8646467,50368154.0,4645163400.0,4645163400.0
2784,2018-07-09,sh601002,晋亿实业,6.0,6.0,5.86,5.92,5.86,0.14,2.3891,0.6655,5275621,31399271.0,4756140000.0,4756140000.0
2785,2018-07-10,sh601002,晋亿实业,6.06,6.15,5.95,5.97,6.0,0.06,1.0,0.7739,6135006,37073425.0,4803701400.0,4803701400.0
2786,2018-07-11,sh601002,晋亿实业,5.91,6.01,5.81,6.0,6.06,-0.15,-2.4752,1.0646,8439055,49711043.0,4684797900.0,4684797900.0
2787,2018-07-12,sh601002,晋亿实业,6.04,6.06,5.86,5.86,5.91,0.13,2.1997,0.9367,7425298,44540026.0,4787847600.0,4787847600.0
2788,2018-07-13,sh601002,晋亿实业,6.0,6.06,5.99,6.02,6.04,-0.04,-0.6623,0.7034,5576034,33555662.0,4756140000.0,4756140000.0
2789,2018-07-16,sh601002,晋亿实业,6.02,6.05,5.96,6.01,6.0,0.02,0.3333,0.5107,4048205,24331838.0,4771993800.0,4771993800.0
2790,2018-07-17,sh601002,晋亿实业,6.08,6.15,5.97,5.99,6.02,0.06,0.9967,0.9947,7885163,47769253.0,4819555200.0,4819555200.0
2791,2018-07-18,sh601002,晋亿实业,6.0,6.09,6.0,6.04,6.08,-0.08,-1.3158,0.665,5271623,31889720.0,4756140000.0,4756140000.0
2792,2018-07-19,sh601002,晋亿实业,5.94,6.04,5.91,6.01,6.0,-0.06,-1.0,0.5667,4491842,26744361.0,4708578600.0,4708578600.0
2793,2018-07-20,sh601002,晋亿实业,6.02,6.03,5.9,5.94,5.94,0.08,1.3468,0.7256,5751829,34392092.0,4771993800.0,4771993800.0
2794,2018-07-23,sh601002,晋亿实业,6.28,6.34,5.96,6.0,6.02,0.26,4.3189,2.5131,19920819,123341958.0,4978093200.0,4978093200.0
2795,2018-07-24,sh601002,晋亿实业,6.5,6.7,6.23,6.28,6.28,0.22,3.5032,3.4829,27608763,178066074.0,5152485000.0,5152485000.0
2796,2018-07-25,sh601002,晋亿实业,6.41,6.47,6.35,6.4,6.5,-0.09,-1.3846,1.7452,13834187,88523883.0,5081142900.0,5081142900.0
2797,2018-07-26,sh601002,晋亿实业,6.44,6.48,6.36,6.41,6.41,0.03,0.468,1.3582,10766202,69057100.0,5104923600.0,5104923600.0
2798,2018-07-27,sh601002,晋亿实业,6.34,6.57,6.33,6.4,6.44,-0.1,-1.5528,1.5751,12485795,80672912.0,5025654600.0,5025654600.0
2799,2018-07-30,sh601002,晋亿实业,6.71,6.9,6.29,6.31,6.34,0.37,5.836,4.0032,31732706,212016461.0,5318949900.0,5318949900.0
2800,2018-07-31,sh601002,晋亿实业,6.53,6.7,6.49,6.65,6.71,-0.18,-2.6826,1.9639,15567518,101904605.0,5176265700.0,5176265700.0
2801,2018-08-01,sh601002,晋亿实业,6.39,6.73,6.36,6.59,6.53,-0.14,-2.144,2.1176,16786299,110052417.0,5065289100.0,5065289100.0
2802,2018-08-02,sh601002,晋亿实业,6.34,6.43,5.89,6.4,6.39,-0.05,-0.7825,2.6645,21121153,130515755.0,5025654600.0,5025654600.0
2803,2018-08-03,sh601002,晋亿实业,6.11,6.35,6.09,6.27,6.34,-0.23,-3.6278,1.5171,12026004,74874690.0,4843335900.0,4843335900.0
2804,2018-08-06,sh601002,晋亿实业,6.08,6.22,6.02,6.1,6.11,-0.03,-0.491,0.9578,7592572,46381853.0,4819555200.0,4819555200.0
2805,2018-08-07,sh601002,晋亿实业,6.69,6.69,6.09,6.09,6.08,0.61,10.0329,4.3218,34258716,223087666.0,5303096100.0,5303096100.0
2806,2018-08-08,sh601002,晋亿实业,6.79,7.05,6.71,6.8,6.69,0.1,1.4948,6.8909,54623501,374356875.0,5382365100.0,5382365100.0
2807,2018-08-09,sh601002,晋亿实业,6.87,6.97,6.59,6.73,6.79,0.08,1.1782,3.7516,29738349,202467565.0,5445780300.0,5445780300.0
2808,2018-08-10,sh601002,晋亿实业,6.77,6.97,6.73,6.83,6.87,-0.1,-1.4556,2.5171,19953022,136095503.0,5366511300.0,5366511300.0
2809,2018-08-13,sh601002,晋亿实业,6.69,6.74,6.56,6.71,6.77,-0.08,-1.1817,2.1156,16770492,111609881.0,5303096100.0,5303096100.0
2810,2018-08-14,sh601002,晋亿实业,6.7,6.79,6.58,6.66,6.69,0.01,0.1495,1.8135,14375500,96417207.0,5311023000.0,5311023000.0
2811,2018-08-15,sh601002,晋亿实业,6.69,6.84,6.61,6.68,6.7,-0.01,-0.1493,2.1575,17102201,114894393.0,5303096100.0,5303096100.0
2812,2018-08-16,sh601002,晋亿实业,6.41,6.64,6.33,6.53,6.69,-0.28,-4.1854,2.2134,17545441,113567724.0,5081142900.0,5081142900.0
2813,2018-08-17,sh601002,晋亿实业,6.11,6.53,6.1,6.48,6.41,-0.3,-4.6802,1.8491,14657351,91595150.0,4843335900.0,4843335900.0
2814,2018-08-20,sh601002,晋亿实业,6.23,6.23,6.05,6.12,6.11,0.12,1.964,1.1725,9293906,57057440.0,4938458700.0,4938458700.0
2815,2018-08-21,sh601002,晋亿实业,6.29,6.47,6.16,6.21,6.23,0.06,0.9631,1.5126,11990363,76053552.0,4986020100.0,4986020100.0
2816,2018-08-22,sh601002,晋亿实业,6.2,6.32,6.17,6.26,6.29,-0.09,-1.4308,1.043,8267438,51556769.0,4914678000.0,4914678000.0
2817,2018-08-23,sh601002,晋亿实业,6.25,6.29,6.14,6.21,6.2,0.05,0.8065,0.9294,7367426,45865693.0,4954312500.0,4954312500.0
2818,2018-08-24,sh601002,晋亿实业,6.14,6.24,6.13,6.22,6.25,-0.11,-1.76,0.8757,6941321,42838911.0,4867116600.0,4867116600.0
2819,2018-08-27,sh601002,晋亿实业,6.29,6.31,6.11,6.17,6.14,0.15,2.443,1.3234,10490739,65286052.0,4986020100.0,4986020100.0
2820,2018-08-28,sh601002,晋亿实业,6.32,6.35,6.24,6.27,6.29,0.03,0.4769,0.9514,7541710,47411958.0,5009800800.0,5009800800.0
2821,2018-08-29,sh601002,晋亿实业,6.21,6.34,6.2,6.28,6.32,-0.11,-1.7405,0.9847,7805430,48751726.0,4922604900.0,4922604900.0
2822,2018-08-30,sh601002,晋亿实业,6.0,6.24,5.97,6.22,6.21,-0.21,-3.3816,1.1978,9494724,57814802.0,4756140000.0,4756140000.0
2823,2018-08-31,sh601002,晋亿实业,6.01,6.12,5.96,6.0,6.0,0.01,0.1667,0.9315,7383565,44647754.0,4764066900.0,4764066900.0
2824,2018-09-03,sh601002,晋亿实业,6.09,6.09,5.96,6.03,6.01,0.08,1.3311,0.7236,5736184,34558919.0,4827482100.0,4827482100.0
2825,2018-09-04,sh601002,晋亿实业,6.12,6.15,6.05,6.08,6.09,0.03,0.4926,0.6249,4953898,30229109.0,4851262800.0,4851262800.0
2826,2018-09-05,sh601002,晋亿实业,5.98,6.12,5.98,6.11,6.12,-0.14,-2.2876,0.7932,6287656,37939692.0,4740286200.0,4740286200.0
2827,2018-09-06,sh601002,晋亿实业,5.95,6.06,5.94,5.96,5.98,-0.03,-0.5017,0.5726,4539000,27225065.0,4716505500.0,4716505500.0
2828,2018-09-07,sh601002,晋亿实业,6.0,6.15,5.92,5.95,5.95,0.05,0.8403,0.8886,7043670,42519494.0,4756140000.0,4756140000.0
2829,2018-09-10,sh601002,晋亿实业,5.86,6.03,5.86,6.0,6.0,-0.14,-2.3333,0.6967,5523001,32793668.0,4645163400.0,4645163400.0
2830,2018-09-11,sh601002,晋亿实业,5.89,5.93,5.78,5.88,5.86,0.03,0.5119,0.5943,4710594,27634256.0,4668944100.0,4668944100.0
2831,2018-09-12,sh601002,晋亿实业,5.88,5.96,5.86,5.9,5.89,-0.01,-0.1698,0.3803,3014593,17825366.0,4661017200.0,4661017200.0
2832,2018-09-13,sh601002,晋亿实业,5.97,5.99,5.89,5.96,5.88,0.09,1.5306,0.5023,3981700,23669451.0,4732359300.0,4732359300.0
2833,2018-09-14,sh601002,晋亿实业,5.84,5.99,5.84,5.99,5.97,-0.13,-2.1776,0.5658,4485410,26579619.0,4629309600.0,4629309600.0
2834,2018-09-17,sh601002,晋亿实业,5.79,5.88,5.78,5.85,5.84,-0.05,-0.8562,0.4882,3869700,22519195.0,4589675100.0,4589675100.0
2835,2018-09-18,sh601002,晋亿实业,6.06,6.09,5.77,5.8,5.79,0.27,4.6632,1.5417,12220822,73061595.0,4803701400.0,4803701400.0
2836,2018-09-19,sh601002,晋亿实业,6.03,6.1,5.99,6.02,6.06,-0.03,-0.495,1.0199,8084905,48790981.0,4779920700.0,4779920700.0
2837,2018-09-20,sh601002,晋亿实业,6.03,6.07,5.98,6.01,6.03,0.0,0.0,0.7776,6163876,37150969.0,4779920700.0,4779920700.0
2838,2018-09-21,sh601002,晋亿实业,6.2,6.46,6.01,6.04,6.03,0.17,2.8192,2.5421,20150739,126065609.0,4914678000.0,4914678000.0
2839,2018-09-25,sh601002,晋亿实业,6.12,6.2,6.02,6.11,6.2,-0.08,-1.2903,1.4427,11436170,69765312.0,4851262800.0,4851262800.0
2840,2018-09-26,sh601002,晋亿实业,6.12,6.19,6.1,6.12,6.12,0.0,0.0,1.0996,8716215,53555260.0,4851262800.0,4851262800.0
2841,2018-09-27,sh601002,晋亿实业,6.08,6.23,6.06,6.1,6.12,-0.04,-0.6536,1.1275,8937755,54857705.0,4819555200.0,4819555200.0
2842,2018-09-28,sh601002,晋亿实业,6.12,6.17,6.07,6.09,6.08,0.04,0.6579,0.7903,6264310,38378583.0,4851262800.0,4851262800.0
2843,2018-10-08,sh601002,晋亿实业,5.81,6.08,5.77,6.0,6.12,-0.31,-5.0654,1.2506,9913500,58998618.0,4605528900.0,4605528900.0
2844,2018-10-09,sh601002,晋亿实业,5.91,5.93,5.84,5.86,5.81,0.1,1.7212,0.7582,6010510,35356529.0,4684797900.0,4684797900.0
2845,2018-10-10,sh601002,晋亿实业,5.94,6.05,5.89,5.91,5.91,0.03,0.5076,0.7723,6122110,36594137.0,4708578600.0,4708578600.0
2846,2018-10-11,sh601002,晋亿实业,5.4,5.93,5.35,5.72,5.94,-0.54,-9.0909,1.9993,15848471,88662631.0,4280526000.0,4280526000.0
2847,2018-10-12,sh601002,晋亿实业,5.26,5.4,4.94,5.33,5.4,-0.14,-2.5926,1.4148,11214952,58343398.0,4169549400.0,4169549400.0
2848,2018-10-15,sh601002,晋亿实业,5.06,5.31,5.03,5.28,5.26,-0.2,-3.8023,0.7978,6324200,32738289.0,4011011400.0,4011011400.0
2849,2018-10-16,sh601002,晋亿实业,4.94,5.14,4.9,5.1,5.06,-0.12,-2.3715,0.792,6278463,31434965.0,3915888600.0,3915888600.0
2850,2018-10-17,sh601002,晋亿实业,5.05,5.09,4.91,5.0,4.94,0.11,2.2267,0.6381,5058007,25375058.0,4003084500.0,4003084500.0
2851,2018-10-18,sh601002,晋亿实业,4.95,5.06,4.9,5.06,5.05,-0.1,-1.9802,0.6356,5038329,25054554.0,3923815500.0,3923815500.0
2852,2018-10-19,sh601002,晋亿实业,5.02,5.05,4.74,4.83,4.95,0.07,1.4141,0.7808,6189068,30507071.0,3979303800.0,3979303800.0
2853,2018-10-22,sh601002,晋亿实业,5.29,5.32,5.04,5.04,5.02,0.27,5.3785,1.3893,11013188,57347920.0,4193330100.0,4193330100.0
2854,2018-10-23,sh601002,晋亿实业,5.18,5.31,5.13,5.29,5.29,-0.11,-2.0794,1.0296,8161713,42585560.0,4106134200.0,4106134200.0
2855,2018-10-24,sh601002,晋亿实业,5.29,5.31,5.11,5.11,5.18,0.11,2.1236,1.2327,9771375,51133271.0,4193330100.0,4193330100.0
2856,2018-10-25,sh601002,晋亿实业,5.25,5.3,5.05,5.1,5.29,-0.04,-0.7561,1.1762,9323757,48220847.0,4161622500.0,4161622500.0
2857,2018-10-26,sh601002,晋亿实业,5.2,5.33,5.19,5.25,5.25,-0.05,-0.9524,0.9862,7817613,40971278.0,4121988000.0,4121988000.0
2858,2018-10-29,sh601002,晋亿实业,5.13,5.23,5.08,5.19,5.2,-0.07,-1.3462,0.6647,5268901,27174379.0,4066499700.0,4066499700.0
2859,2018-10-30,sh601002,晋亿实业,5.23,5.25,5.1,5.13,5.13,0.1,1.9493,0.7825,6202411,32216440.0,4145768700.0,4145768700.0
2860,2018-10-31,sh601002,晋亿实业,5.35,5.47,5.22,5.22,5.23,0.12,2.2945,1.6284,12908523,69363362.0,4240891500.0,4240891500.0
2861,2018-11-01,sh601002,晋亿实业,5.3,5.45,5.3,5.43,5.35,-0.05,-0.9346,1.1423,9055018,48672056.0,4201257000.0,4201257000.0
2862,2018-11-02,sh601002,晋亿实业,5.42,5.44,5.34,5.34,5.3,0.12,2.2642,1.1234,8905128,48053083.0,4296379800.0,4296379800.0
2863,2018-11-05,sh601002,晋亿实业,5.46,5.47,5.35,5.42,5.42,0.04,0.738,1.0733,8508269,46103261.0,4328087400.0,4328087400.0
2864,2018-11-06,sh601002,晋亿实业,5.5,5.52,5.39,5.45,5.46,0.04,0.7326,1.1913,9443522,51626789.0,4359795000.0,4359795000.0
2865,2018-11-07,sh601002,晋亿实业,5.39,5.54,5.38,5.53,5.5,-0.11,-2.0,1.1102,8800549,48032439.0,4272599100.0,4272599100.0
2866,2018-11-08,sh601002,晋亿实业,5.39,5.7,5.38,5.42,5.39,0.0,0.0,1.9639,15568004,85376941.0,4272599100.0,4272599100.0
2867,2018-11-09,sh601002,晋亿实业,5.3,5.42,5.29,5.36,5.39,-0.09,-1.6698,1.0085,7994567,42719350.0,4201257000.0,4201257000.0
2868,2018-11-12,sh601002,晋亿实业,5.43,5.45,5.3,5.33,5.3,0.13,2.4528,0.8338,6609113,35667704.0,4304306700.0,4304306700.0
2869,2018-11-13,sh601002,晋亿实业,5.55,5.65,5.35,5.36,5.43,0.12,2.2099,1.86,14743947,81259687.0,4399429500.0,4399429500.0
2870,2018-11-14,sh601002,晋亿实业,5.57,5.68,5.52,5.52,5.55,0.02,0.3604,1.6754,13281110,74464368.0,4415283300.0,4415283300.0
2871,2018-11-15,sh601002,晋亿实业,5.7,5.74,5.55,5.62,5.57,0.13,2.3339,2.0983,16632789,94445602.0,4518333000.0,4518333000.0
2872,2018-11-16,sh601002,晋亿实业,5.75,5.85,5.67,5.72,5.7,0.05,0.8772,1.9037,15090199,87021795.0,4557967500.0,4557967500.0
2873,2018-11-19,sh601002,晋亿实业,5.9,5.95,5.72,5.78,5.75,0.15,2.6087,1.6167,12815344,74709106.0,4676871000.0,4676871000.0
2874,2018-11-20,sh601002,晋亿实业,5.67,5.9,5.59,5.84,5.9,-0.23,-3.8983,1.9406,15383197,88188384.0,4494552300.0,4494552300.0
2875,2018-11-21,sh601002,晋亿实业,6.05,6.24,5.56,5.6,5.67,0.38,6.7019,5.4981,43582735,264276124.0,4795774500.0,4795774500.0
2876,2018-11-22,sh601002,晋亿实业,5.98,6.04,5.91,6.0,6.05,-0.07,-1.157,2.3389,18539862,110645868.0,4740286200.0,4740286200.0
2877,2018-11-23,sh601002,晋亿实业,5.86,6.26,5.76,5.96,5.98,-0.12,-2.0067,4.0233,31892112,192760398.0,4645163400.0,4645163400.0
2878,2018-11-26,sh601002,晋亿实业,5.77,5.96,5.54,5.91,5.86,-0.09,-1.5358,2.1252,16846344,96157571.0,4573821300.0,4573821300.0
2879,2018-11-27,sh601002,晋亿实业,5.7,5.83,5.62,5.79,5.77,-0.07,-1.2132,1.658,13142738,74850772.0,4518333000.0,4518333000.0
2880,2018-11-28,sh601002,晋亿实业,5.83,5.83,5.57,5.71,5.7,0.13,2.2807,1.7185,13622642,77524571.0,4621382700.0,4621382700.0
2881,2018-11-29,sh601002,晋亿实业,5.66,5.96,5.65,5.84,5.83,-0.17,-2.916,2.1757,17246592,100571165.0,4486625400.0,4486625400.0
2882,2018-11-30,sh601002,晋亿实业,5.72,5.79,5.58,5.6,5.66,0.06,1.0601,1.3509,10708569,60816645.0,4534186800.0,4534186800.0
2883,2018-12-03,sh601002,晋亿实业,5.91,6.06,5.76,5.83,5.72,0.19,3.3217,2.1377,16945145,99829893.0,4684797900.0,4684797900.0
2884,2018-12-04,sh601002,晋亿实业,6.1,6.12,5.85,5.89,5.91,0.19,3.2149,2.4246,19219898,115248781.0,4835409000.0,4835409000.0
2885,2018-12-05,sh601002,晋亿实业,6.03,6.07,5.89,5.92,6.1,-0.07,-1.1475,1.9059,15107769,90559876.0,4779920700.0,4779920700.0
2886,2018-12-06,sh601002,晋亿实业,5.87,6.0,5.8,5.97,6.03,-0.16,-2.6534,1.4527,11515253,67730750.0,4653090300.0,4653090300.0
2887,2018-12-07,sh601002,晋亿实业,6.16,6.29,5.87,5.87,5.87,0.29,4.9404,3.7553,29767532,181775872.0,4882970400.0,4882970400.0
2888,2018-12-10,sh601002,晋亿实业,6.08,6.17,5.98,6.08,6.16,-0.08,-1.2987,2.1302,16885874,102641551.0,4819555200.0,4819555200.0
2889,2018-12-11,sh601002,晋亿实业,6.18,6.21,6.02,6.09,6.08,0.1,1.6447,2.1955,17403316,106613717.0,4898824200.0,4898824200.0
2890,2018-12-12,sh601002,晋亿实业,6.23,6.35,6.1,6.19,6.18,0.05,0.8091,2.4645,19536206,121645330.0,4938458700.0,4938458700.0
2891,2018-12-13,sh601002,晋亿实业,6.52,6.78,6.19,6.19,6.23,0.29,4.6549,5.7397,45498020,297107796.0,5168338800.0,5168338800.0
2892,2018-12-14,sh601002,晋亿实业,6.38,6.59,6.36,6.51,6.52,-0.14,-2.1472,3.6719,29106621,188021071.0,5057362200.0,5057362200.0
2893,2018-12-17,sh601002,晋亿实业,6.45,6.54,6.32,6.39,6.38,0.07,1.0972,2.8762,22799315,146749994.0,5112850500.0,5112850500.0
2894,2018-12-18,sh601002,晋亿实业,6.23,6.45,6.15,6.36,6.45,-0.22,-3.4109,2.1643,17156468,107774179.0,4938458700.0,4938458700.0
2895,2018-12-19,sh601002,晋亿实业,6.14,6.29,6.07,6.23,6.23,-0.09,-1.4446,1.295,10264949,63372415.0,4867116600.0,4867116600.0
2896,2018-12-20,sh601002,晋亿实业,6.13,6.21,6.03,6.12,6.14,-0.01,-0.1629,1.3056,10349082,63364072.0,4859189700.0,4859189700.0
2897,2018-12-21,sh601002,晋亿实业,6.17,6.21,6.03,6.13,6.13,0.04,0.6525,1.2302,9752034,59703177.0,4890897300.0,4890897300.0
2898,2018-12-24,sh601002,晋亿实业,6.14,6.25,6.08,6.17,6.17,-0.03,-0.4862,1.3733,10886133,67060743.0,4867116600.0,4867116600.0
2899,2018-12-25,sh601002,晋亿实业,5.6,6.04,5.53,6.01,6.14,-0.54,-8.7948,4.1959,33260101,187200537.0,4439064000.0,4439064000.0
2900,2018-12-26,sh601002,晋亿实业,5.45,5.62,5.42,5.51,5.6,-0.15,-2.6786,1.5615,12377618,68115438.0,4320160500.0,4320160500.0
2901,2018-12-27,sh601002,晋亿实业,5.33,5.59,5.31,5.57,5.45,-0.12,-2.2018,1.3124,10402972,56984515.0,4225037700.0,4225037700.0
2902,2018-12-28,sh601002,晋亿实业,5.35,5.47,5.33,5.37,5.33,0.02,0.3752,0.8964,7105522,38329115.0,4240891500.0,4240891500.0
2903,2019-01-02,sh601002,晋亿实业,5.5,5.67,5.31,5.36,5.35,0.15,2.8037,1.3291,10535502,57532548.0,4359795000.0,4359795000.0
2904,2019-01-03,sh601002,晋亿实业,5.55,5.66,5.47,5.49,5.5,0.05,0.9091,1.3111,10392958,57889071.0,4399429500.0,4399429500.0
2905,2019-01-04,sh601002,晋亿实业,5.76,5.85,5.39,5.45,5.55,0.21,3.7838,2.1342,16917207,96041974.0,4565894400.0,4565894400.0
2906,2019-01-07,sh601002,晋亿实业,6.1,6.34,5.88,5.91,5.76,0.34,5.9028,4.5746,36262073,223516908.0,4835409000.0,4835409000.0
2907,2019-01-08,sh601002,晋亿实业,6.36,6.48,6.0,6.1,6.1,0.26,4.2623,4.829,38278950,241348316.0,5041508400.0,5041508400.0
2908,2019-01-09,sh601002,晋亿实业,6.22,6.42,6.16,6.25,6.36,-0.14,-2.2013,3.2909,26086426,163532342.0,4930531800.0,4930531800.0
2909,2019-01-10,sh601002,晋亿实业,6.16,6.36,6.15,6.25,6.22,-0.06,-0.9646,2.1379,16947279,105748243.0,4882970400.0,4882970400.0
2910,2019-01-11,sh601002,晋亿实业,6.23,6.33,6.13,6.2,6.16,0.07,1.1364,1.6647,13196062,81934399.0,4938458700.0,4938458700.0
2911,2019-01-14,sh601002,晋亿实业,6.26,6.53,6.13,6.23,6.23,0.03,0.4815,2.4507,19426799,122517460.0,4962239400.0,4962239400.0
2912,2019-01-15,sh601002,晋亿实业,6.35,6.35,6.17,6.17,6.26,0.09,1.4377,1.8575,14724235,92401433.0,5033581500.0,5033581500.0
2913,2019-01-16,sh601002,晋亿实业,6.22,6.39,6.2,6.38,6.35,-0.13,-2.0472,1.4626,11593769,72620251.0,4930531800.0,4930531800.0
2914,2019-01-17,sh601002,晋亿实业,6.12,6.29,6.07,6.22,6.22,-0.1,-1.6077,1.5677,12427076,76547808.0,4851262800.0,4851262800.0
2915,2019-01-18,sh601002,晋亿实业,6.14,6.2,6.06,6.19,6.12,0.02,0.3268,1.1886,9421979,57680537.0,4867116600.0,4867116600.0
2916,2019-01-21,sh601002,晋亿实业,6.15,6.19,6.1,6.12,6.14,0.01,0.1629,0.783,6206642,38195023.0,4875043500.0,4875043500.0
2917,2019-01-22,sh601002,晋亿实业,6.03,6.17,6.0,6.17,6.15,-0.12,-1.9512,0.8933,7081281,43001070.0,4779920700.0,4779920700.0
2918,2019-01-23,sh601002,晋亿实业,6.07,6.14,6.03,6.05,6.03,0.04,0.6633,0.7783,6169313,37501990.0,4811628300.0,4811628300.0
2919,2019-01-24,sh601002,晋亿实业,6.15,6.26,6.03,6.07,6.07,0.08,1.318,1.5338,12158313,74711481.0,4875043500.0,4875043500.0
2920,2019-01-25,sh601002,晋亿实业,6.05,6.14,6.04,6.11,6.15,-0.1,-1.626,1.0206,8090200,49169135.0,4795774500.0,4795774500.0
2921,2019-01-28,sh601002,晋亿实业,6.07,6.17,6.05,6.08,6.05,0.02,0.3306,0.7506,5949867,36272505.0,4811628300.0,4811628300.0
2922,2019-01-29,sh601002,晋亿实业,5.84,6.14,5.65,6.14,6.07,-0.23,-3.7891,1.5988,12673466,73874627.0,4629309600.0,4629309600.0
2923,2019-01-30,sh601002,晋亿实业,5.71,5.91,5.7,5.85,5.84,-0.13,-2.226,0.7061,5597284,32483919.0,4526259900.0,4526259900.0
2924,2019-01-31,sh601002,晋亿实业,5.74,5.85,5.66,5.72,5.71,0.03,0.5254,0.7649,6063361,34911824.0,4550040600.0,4550040600.0
2925,2019-02-01,sh601002,晋亿实业,5.89,5.92,5.74,5.75,5.74,0.15,2.6132,1.0208,8091478,47211896.0,4668944100.0,4668944100.0
2926,2019-02-11,sh601002,晋亿实业,6.02,6.02,5.86,5.92,5.89,0.13,2.2071,0.9811,7776752,46399447.0,4771993800.0,4771993800.0
2927,2019-02-12,sh601002,晋亿实业,6.13,6.15,5.99,6.02,6.02,0.11,1.8272,1.3686,10848455,66001233.0,4859189700.0,4859189700.0
2928,2019-02-13,sh601002,晋亿实业,6.27,6.28,6.1,6.11,6.13,0.14,2.2838,2.1286,16873376,104664547.0,4970166300.0,4970166300.0
2929,2019-02-14,sh601002,晋亿实业,6.23,6.28,6.19,6.22,6.27,-0.04,-0.638,1.2945,10261759,64066758.0,4938458700.0,4938458700.0
2930,2019-02-15,sh601002,晋亿实业,6.26,6.38,6.2,6.23,6.23,0.03,0.4815,1.8975,15041348,94690310.0,4962239400.0,4962239400.0
2931,2019-02-18,sh601002,晋亿实业,6.46,6.46,6.3,6.31,6.26,0.2,3.1949,2.6494,21001377,134321525.0,5120777400.0,5120777400.0
2932,2019-02-19,sh601002,晋亿实业,6.39,6.49,6.27,6.36,6.46,-0.07,-1.0836,2.1873,17338874,110765898.0,5065289100.0,5065289100.0
2933,2019-02-20,sh601002,晋亿实业,6.43,6.52,6.38,6.44,6.39,0.04,0.626,1.8923,14999969,96647030.0,5096996700.0,5096996700.0
2934,2019-02-21,sh601002,晋亿实业,6.37,6.57,6.33,6.42,6.43,-0.06,-0.9331,2.733,21664358,140301386.0,5049435300.0,5049435300.0
2935,2019-02-22,sh601002,晋亿实业,6.51,6.53,6.33,6.33,6.37,0.14,2.1978,2.5994,20605439,133181367.0,5160411900.0,5160411900.0
2936,2019-02-25,sh601002,晋亿实业,7.01,7.03,6.5,6.56,6.51,0.5,7.6805,5.8964,46740004,318445832.0,5556756900.0,5556756900.0
2937,2019-02-26,sh601002,晋亿实业,6.96,7.36,6.83,6.96,7.01,-0.05,-0.7133,6.4821,51382813,364570244.0,5517122400.0,5517122400.0
2938,2019-02-27,sh601002,晋亿实业,7.07,7.42,6.92,7.22,6.96,0.11,1.5805,5.9805,47406518,340341526.0,5604318300.0,5604318300.0
2939,2019-02-28,sh601002,晋亿实业,7.21,7.34,6.98,6.98,7.07,0.14,1.9802,4.5167,35803599,257456501.0,5715294900.0,5715294900.0
2940,2019-03-01,sh601002,晋亿实业,7.15,7.21,6.99,7.18,7.21,-0.06,-0.8322,3.5594,28215030,200142347.0,5667733500.0,5667733500.0
2941,2019-03-04,sh601002,晋亿实业,7.28,7.49,7.11,7.19,7.15,0.13,1.8182,5.7552,45621255,330953507.0,5770783200.0,5770783200.0
2942,2019-03-05,sh601002,晋亿实业,7.32,7.38,7.14,7.21,7.28,0.04,0.5495,4.5656,36191026,262427261.0,5802490800.0,5802490800.0
2943,2019-03-06,sh601002,晋亿实业,7.38,7.45,7.19,7.3,7.32,0.06,0.8197,4.769,37803259,276626668.0,5850052200.0,5850052200.0
2944,2019-03-07,sh601002,晋亿实业,7.41,7.7,7.33,7.63,7.38,0.03,0.4065,5.4877,43500200,325902827.0,5873832900.0,5873832900.0
2945,2019-03-08,sh601002,晋亿实业,6.82,7.26,6.82,7.25,7.41,-0.59,-7.9622,4.7922,37987680,268001731.0,5406145800.0,5406145800.0
2946,2019-03-11,sh601002,晋亿实业,7.1,7.1,6.86,6.87,6.82,0.28,4.1056,2.6509,21013558,146925965.0,5628099000.0,5628099000.0
2947,2019-03-12,sh601002,晋亿实业,7.22,7.34,7.09,7.16,7.1,0.12,1.6901,3.6876,29231071,210921669.0,5723221800.0,5723221800.0
2948,2019-03-13,sh601002,晋亿实业,7.12,7.36,7.05,7.22,7.22,-0.1,-1.385,3.6236,28723541,208383152.0,5643952800.0,5643952800.0
2949,2019-03-14,sh601002,晋亿实业,7.19,7.34,6.98,7.04,7.12,0.07,0.9831,2.9471,23361024,166691348.0,5699441100.0,5699441100.0
2950,2019-03-15,sh601002,晋亿实业,7.38,7.44,7.11,7.2,7.19,0.19,2.6426,4.1932,33239325,242262440.0,5850052200.0,5850052200.0
2951,2019-03-18,sh601002,晋亿实业,7.65,7.65,7.31,7.36,7.38,0.27,3.6585,5.2489,41607825,312877137.0,6064078500.0,6064078500.0
2952,2019-03-19,sh601002,晋亿实业,7.45,7.63,7.37,7.63,7.65,-0.2,-2.6144,3.7921,30059702,224865605.0,5905540500.0,5905540500.0
2953,2019-03-20,sh601002,晋亿实业,7.43,7.47,7.2,7.46,7.45,-0.02,-0.2685,2.987,23677535,173979341.0,5889686700.0,5889686700.0
2954,2019-03-21,sh601002,晋亿实业,7.49,7.61,7.4,7.43,7.43,0.06,0.8075,4.1813,33144958,248716250.0,5937248100.0,5937248100.0
2955,2019-03-22,sh601002,晋亿实业,7.6,7.64,7.28,7.41,7.49,0.11,1.4686,4.4036,34907062,260839378.0,6024444000.0,6024444000.0
2956,2019-03-25,sh601002,晋亿实业,7.56,7.74,7.45,7.59,7.6,-0.04,-0.5263,5.1181,40571042,308279381.0,5992736400.0,5992736400.0
2957,2019-03-26,sh601002,晋亿实业,7.13,7.59,7.07,7.54,7.56,-0.43,-5.6878,3.5402,28063115,205011662.0,5651879700.0,5651879700.0
2958,2019-03-27,sh601002,晋亿实业,7.06,7.21,6.99,7.17,7.13,-0.07,-0.9818,1.7394,13788161,97524429.0,5596391400.0,5596391400.0
2959,2019-03-28,sh601002,晋亿实业,7.04,7.26,6.95,7.01,7.06,-0.02,-0.2833,1.9841,15727545,111864130.0,5580537600.0,5580537600.0
2960,2019-03-29,sh601002,晋亿实业,7.25,7.29,6.95,7.06,7.04,0.21,2.983,2.2219,17612460,125833602.0,5747002500.0,5747002500.0
2961,2019-04-01,sh601002,晋亿实业,7.55,7.55,7.25,7.3,7.25,0.3,4.1379,3.4276,27170014,202352078.0,5984809500.0,5984809500.0
2962,2019-04-02,sh601002,晋亿实业,7.68,7.96,7.51,7.56,7.55,0.13,1.7219,5.9092,46841800,360848513.0,6087859200.0,6087859200.0
2963,2019-04-03,sh601002,晋亿实业,7.95,8.0,7.54,7.6,7.68,0.27,3.5156,6.417,50867308,398324785.0,6301885500.0,6301885500.0
2964,2019-04-04,sh601002,晋亿实业,8.38,8.69,7.77,7.98,7.95,0.43,5.4088,9.2339,73196479,596051879.0,6642742200.0,6642742200.0
2965,2019-04-08,sh601002,晋亿实业,8.18,8.56,8.05,8.36,8.38,-0.2,-2.3866,6.2282,49370066,409336237.0,6484204200.0,6484204200.0
2966,2019-04-09,sh601002,晋亿实业,8.27,8.58,8.08,8.1,8.18,0.09,1.1002,5.4038,42835125,355268520.0,6555546300.0,6555546300.0
2967,2019-04-10,sh601002,晋亿实业,8.02,8.25,7.99,8.15,8.27,-0.25,-3.023,4.1216,32671648,264799983.0,6357373800.0,6357373800.0
2968,2019-04-11,sh601002,晋亿实业,8.09,8.46,8.04,8.14,8.02,0.07,0.8728,5.5193,43750566,361506168.0,6412862100.0,6412862100.0
2969,2019-04-12,sh601002,晋亿实业,8.2,8.33,7.96,8.14,8.09,0.11,1.3597,3.987,31604267,257288269.0,6500058000.0,6500058000.0
2970,2019-04-15,sh601002,晋亿实业,8.23,8.35,8.07,8.35,8.2,0.03,0.3659,4.7671,37788613,310288227.0,6523838700.0,6523838700.0
2971,2019-04-16,sh601002,晋亿实业,8.29,8.34,8.03,8.18,8.23,0.06,0.729,3.8364,30411103,248916188.0,6571400100.0,6571400100.0
2972,2019-04-17,sh601002,晋亿实业,8.57,8.66,8.19,8.23,8.29,0.28,3.3776,6.5823,52177557,443477292.0,6793353300.0,6793353300.0
2973,2019-04-18,sh601002,晋亿实业,8.26,8.57,8.25,8.48,8.57,-0.31,-3.6173,3.7282,29553196,248081555.0,6547619400.0,6547619400.0
2974,2019-04-19,sh601002,晋亿实业,8.35,8.43,8.17,8.29,8.26,0.09,1.0896,2.6194,20763885,172369819.0,6618961500.0,6618961500.0
2975,2019-04-22,sh601002,晋亿实业,8.01,8.43,7.94,8.4,8.35,-0.34,-4.0719,2.9923,23719650,193435474.0,6349446900.0,6349446900.0
2976,2019-04-23,sh601002,晋亿实业,8.11,8.33,7.95,8.0,8.01,0.1,1.2484,3.2016,25378743,207304866.0,6428715900.0,6428715900.0
2977,2019-04-24,sh601002,晋亿实业,8.08,8.14,7.83,8.11,8.11,-0.03,-0.3699,2.1631,17146823,137242525.0,6404935200.0,6404935200.0
2978,2019-04-25,sh601002,晋亿实业,7.5,8.1,7.49,8.05,8.08,-0.58,-7.1782,3.0393,24092298,187541997.0,5945175000.0,5945175000.0
2979,2019-04-26,sh601002,晋亿实业,7.54,7.7,7.41,7.43,7.5,0.04,0.5333,1.7692,14023907,106570873.0,5976882600.0,5976882600.0
2980,2019-04-29,sh601002,晋亿实业,7.15,7.65,6.98,7.6,7.54,-0.39,-5.1724,2.6363,20897894,150977287.0,5667733500.0,5667733500.0
2981,2019-04-30,sh601002,晋亿实业,7.3,7.44,7.19,7.33,7.15,0.15,2.0979,1.5846,12561054,91867129.0,5786637000.0,5786637000.0
2982,2019-05-06,sh601002,晋亿实业,6.8,7.33,6.72,7.0,7.3,-0.5,-6.8493,3.1538,24999656,174946467.0,5390292000.0,5390292000.0
2983,2019-05-07,sh601002,晋亿实业,6.96,7.02,6.75,6.86,6.8,0.16,2.3529,1.8929,15004457,103514384.0,5517122400.0,5517122400.0
2984,2019-05-08,sh601002,晋亿实业,6.9,7.02,6.79,6.81,6.96,-0.06,-0.8621,1.6254,12884741,89191681.0,5469561000.0,5469561000.0
2985,2019-05-09,sh601002,晋亿实业,6.72,6.93,6.71,6.89,6.9,-0.18,-2.6087,1.6237,12871257,87587595.0,5326876800.0,5326876800.0
2986,2019-05-10,sh601002,晋亿实业,7.06,7.08,6.72,6.83,6.72,0.34,5.0595,2.5356,20099637,139688074.0,5596391400.0,5596391400.0
2987,2019-05-13,sh601002,晋亿实业,7.39,7.5,6.96,7.02,7.06,0.33,4.6742,3.2538,25792716,186480087.0,5857979100.0,5857979100.0
2988,2019-05-14,sh601002,晋亿实业,7.18,7.39,7.12,7.22,7.39,-0.21,-2.8417,2.247,17811953,128591562.0,5691514200.0,5691514200.0
2989,2019-05-15,sh601002,晋亿实业,7.27,7.32,7.16,7.27,7.18,0.09,1.2535,1.5506,12291095,89036646.0,5762856300.0,5762856300.0
2990,2019-05-16,sh601002,晋亿实业,7.28,7.39,7.22,7.27,7.27,0.01,0.1376,1.3362,10591789,77274095.0,5770783200.0,5770783200.0
2991,2019-05-17,sh601002,晋亿实业,6.92,7.32,6.87,7.32,7.28,-0.36,-4.9451,2.0989,16637804,117570053.0,5485414800.0,5485414800.0
2992,2019-05-20,sh601002,晋亿实业,7.02,7.03,6.79,6.91,6.92,0.1,1.4451,1.2221,9687594,67028733.0,5564683800.0,5564683800.0
2993,2019-05-21,sh601002,晋亿实业,7.16,7.18,6.96,7.0,7.02,0.14,1.9943,1.4312,11344979,80643115.0,5675660400.0,5675660400.0
2994,2019-05-22,sh601002,晋亿实业,6.97,7.17,6.9,7.13,7.16,-0.19,-2.6536,1.7471,13848930,97129385.0,5525049300.0,5525049300.0
2995,2019-05-23,sh601002,晋亿实业,6.9,7.05,6.82,6.97,6.97,-0.07,-1.0043,1.3573,10759001,74663396.0,5469561000.0,5469561000.0
2996,2019-05-24,sh601002,晋亿实业,6.8,6.94,6.74,6.87,6.9,-0.1,-1.4493,1.2041,9544579,65024624.0,5390292000.0,5390292000.0
2997,2019-05-27,sh601002,晋亿实业,6.98,6.99,6.76,6.83,6.8,0.18,2.6471,1.1892,9426608,65056132.0,5532976200.0,5532976200.0
2998,2019-05-28,sh601002,晋亿实业,6.94,7.04,6.89,7.0,6.98,-0.04,-0.5731,1.1204,8881441,61958678.0,5501268600.0,5501268600.0
2999,2019-05-29,sh601002,晋亿实业,6.94,7.02,6.88,6.88,6.94,0.0,0.0,0.787,6238600,43422266.0,5501268600.0,5501268600.0
3000,2019-05-30,sh601002,晋亿实业,6.8,6.95,6.66,6.93,6.94,-0.14,-2.0173,1.3966,11071078,74932193.0,5390292000.0,5390292000.0
3001,2019-05-31,sh601002,晋亿实业,6.89,6.91,6.77,6.8,6.8,0.09,1.3235,1.0971,8696712,59708238.0,5461634100.0,5461634100.0
3002,2019-06-03,sh601002,晋亿实业,6.76,6.92,6.7,6.85,6.89,-0.13,-1.8868,1.0274,8144369,55174048.0,5358584400.0,5358584400.0
3003,2019-06-04,sh601002,晋亿实业,6.54,6.76,6.48,6.71,6.76,-0.22,-3.2544,1.4758,11698213,76641759.0,5184192600.0,5184192600.0
3004,2019-06-05,sh601002,晋亿实业,6.6,6.66,6.53,6.6,6.54,0.06,0.9174,0.9092,7207305,47662103.0,5231754000.0,5231754000.0
3005,2019-06-06,sh601002,晋亿实业,6.46,6.61,6.43,6.55,6.6,-0.14,-2.1212,0.9275,7352540,47894256.0,5120777400.0,5120777400.0
3006,2019-06-10,sh601002,晋亿实业,6.55,6.58,6.43,6.49,6.46,0.09,1.3932,0.6031,4780514,31192315.0,5192119500.0,5192119500.0
3007,2019-06-11,sh601002,晋亿实业,6.85,6.87,6.68,6.77,6.55,0.3,4.5802,1.6367,12973902,88213491.0,5429926500.0,5429926500.0
3008,2019-06-12,sh601002,晋亿实业,6.86,6.96,6.76,6.84,6.85,0.01,0.146,0.976,7736400,53119450.0,5437853400.0,5437853400.0
3009,2019-06-13,sh601002,晋亿实业,6.87,6.92,6.77,6.81,6.86,0.01,0.1458,0.8171,6476808,44356422.0,5445780300.0,5445780300.0
3010,2019-06-14,sh601002,晋亿实业,6.7,6.9,6.68,6.84,6.87,-0.17,-2.4745,0.8989,7125113,48457678.0,5311023000.0,5311023000.0
3011,2019-06-17,sh601002,晋亿实业,6.72,6.85,6.65,6.7,6.7,0.02,0.2985,0.8843,7009785,47295232.0,5326876800.0,5326876800.0
3012,2019-06-18,sh601002,晋亿实业,6.71,6.79,6.62,6.71,6.72,-0.01,-0.1488,0.4874,3863300,25867410.0,5318949900.0,5318949900.0
3013,2019-06-19,sh601002,晋亿实业,6.82,6.94,6.81,6.85,6.71,0.11,1.6393,1.0561,8371313,57523938.0,5406145800.0,5406145800.0
3014,2019-06-20,sh601002,晋亿实业,7.01,7.02,6.82,6.82,6.82,0.19,2.7859,1.5006,11895359,82730189.0,5556756900.0,5556756900.0
3015,2019-06-21,sh601002,晋亿实业,6.99,7.12,6.9,7.03,7.01,-0.02,-0.2853,1.573,12469063,87524168.0,5540903100.0,5540903100.0
3016,2019-06-24,sh601002,晋亿实业,7.07,7.08,6.91,6.99,6.99,0.08,1.1445,1.7092,13548690,94959473.0,5604318300.0,5604318300.0
3017,2019-06-25,sh601002,晋亿实业,6.96,7.06,6.86,7.05,7.07,-0.11,-1.5559,1.1438,9066478,62755943.0,5517122400.0,5517122400.0
3018,2019-06-26,sh601002,晋亿实业,6.93,6.98,6.87,6.92,6.96,-0.03,-0.431,0.9449,7490417,51767983.0,5493341700.0,5493341700.0
3019,2019-06-27,sh601002,晋亿实业,6.96,7.01,6.91,6.93,6.93,0.03,0.4329,0.9847,7805595,54275416.0,5517122400.0,5517122400.0
3020,2019-06-28,sh601002,晋亿实业,7.06,7.08,6.85,7.0,6.96,0.1,1.4368,1.6242,12874644,89785807.0,5596391400.0,5596391400.0
3021,2019-07-01,sh601002,晋亿实业,7.17,7.24,7.05,7.24,7.06,0.11,1.5581,2.5653,20334790,145288842.0,5683587300.0,5683587300.0
3022,2019-07-02,sh601002,晋亿实业,7.1,7.16,7.08,7.13,7.17,-0.07,-0.9763,1.2628,10010138,71237569.0,5628099000.0,5628099000.0
3023,2019-07-03,sh601002,晋亿实业,7.1,7.19,7.02,7.08,7.1,0.0,0.0,1.4061,11146323,79077615.0,5628099000.0,5628099000.0
3024,2019-07-04,sh601002,晋亿实业,7.11,7.23,7.07,7.09,7.1,0.01,0.1408,1.4667,11626635,82904907.0,5636025900.0,5636025900.0
3025,2019-07-05,sh601002,晋亿实业,7.13,7.17,7.02,7.11,7.11,0.02,0.2813,1.0454,8286402,58916896.0,5651879700.0,5651879700.0
3026,2019-07-08,sh601002,晋亿实业,6.84,7.12,6.81,7.12,7.13,-0.29,-4.0673,1.2131,9616040,66650403.0,5421999600.0,5421999600.0
3027,2019-07-09,sh601002,晋亿实业,6.88,6.91,6.73,6.84,6.84,0.04,0.5848,0.8201,6501101,44383281.0,5453707200.0,5453707200.0
3028,2019-07-10,sh601002,晋亿实业,6.83,6.96,6.8,6.85,6.88,-0.05,-0.7267,0.6575,5211879,35913390.0,5414072700.0,5414072700.0
3029,2019-07-11,sh601002,晋亿实业,6.85,6.95,6.8,6.83,6.83,0.02,0.2928,0.7329,5809234,40022669.0,5429926500.0,5429926500.0
3030,2019-07-12,sh601002,晋亿实业,6.94,6.98,6.81,6.91,6.85,0.09,1.3139,0.7589,6015496,41680449.0,5501268600.0,5501268600.0
3031,2019-07-15,sh601002,晋亿实业,7.09,7.12,6.92,6.92,6.94,0.15,2.1614,1.2692,10060979,70863516.0,5620172100.0,5620172100.0
3032,2019-07-16,sh601002,晋亿实业,7.17,7.2,7.06,7.1,7.09,0.08,1.1283,1.2225,9690982,69437800.0,5683587300.0,5683587300.0
3033,2019-07-17,sh601002,晋亿实业,7.13,7.25,7.1,7.19,7.17,-0.04,-0.5579,1.1155,8842187,63222379.0,5651879700.0,5651879700.0
3034,2019-07-18,sh601002,晋亿实业,7.06,7.13,7.0,7.12,7.13,-0.07,-0.9818,0.9661,7658133,54079495.0,5596391400.0,5596391400.0
3035,2019-07-19,sh601002,晋亿实业,7.1,7.17,7.05,7.11,7.06,0.04,0.5666,1.0926,8660873,61689644.0,5628099000.0,5628099000.0
3036,2019-07-22,sh601002,晋亿实业,6.87,7.15,6.84,7.12,7.1,-0.23,-3.2394,1.0944,8674944,60304586.0,5445780300.0,5445780300.0
3037,2019-07-23,sh601002,晋亿实业,6.95,7.04,6.87,6.89,6.87,0.08,1.1645,0.7063,5598489,38891936.0,5509195500.0,5509195500.0
3038,2019-07-24,sh601002,晋亿实业,7.03,7.08,6.95,6.99,6.95,0.08,1.1511,0.6649,5270401,37089366.0,5572610700.0,5572610700.0
3039,2019-07-25,sh601002,晋亿实业,7.02,7.06,6.97,7.02,7.03,-0.01,-0.1422,0.6427,5094989,35714685.0,5564683800.0,5564683800.0
3040,2019-07-26,sh601002,晋亿实业,7.15,7.16,6.97,6.98,7.02,0.13,1.8519,1.4567,11547328,81979386.0,5667733500.0,5667733500.0
3041,2019-07-29,sh601002,晋亿实业,7.09,7.15,7.03,7.13,7.15,-0.06,-0.8392,1.0029,7950089,56272025.0,5620172100.0,5620172100.0
3042,2019-07-30,sh601002,晋亿实业,7.07,7.14,7.04,7.11,7.09,-0.02,-0.2821,0.8465,6710200,47568541.0,5604318300.0,5604318300.0
3043,2019-07-31,sh601002,晋亿实业,6.9,7.08,6.86,7.08,7.07,-0.17,-2.4045,1.24,9829578,68020677.0,5469561000.0,5469561000.0
3044,2019-08-01,sh601002,晋亿实业,6.87,6.91,6.82,6.87,6.9,-0.03,-0.4348,0.6145,4870982,33401889.0,5445780300.0,5445780300.0
3045,2019-08-02,sh601002,晋亿实业,6.72,6.76,6.63,6.7,6.87,-0.15,-2.1834,0.8851,7015705,47034692.0,5326876800.0,5326876800.0
3046,2019-08-05,sh601002,晋亿实业,6.6,6.7,6.58,6.68,6.72,-0.12,-1.7857,0.8308,6585839,43711405.0,5231754000.0,5231754000.0
3047,2019-08-06,sh601002,晋亿实业,6.26,6.46,6.04,6.46,6.6,-0.34,-5.1515,1.4052,11139098,69672404.0,4962239400.0,4962239400.0
3048,2019-08-07,sh601002,晋亿实业,6.16,6.33,6.12,6.29,6.26,-0.1,-1.5974,0.883,6999511,43477148.0,4882970400.0,4882970400.0
3049,2019-08-08,sh601002,晋亿实业,6.2,6.21,6.14,6.2,6.16,0.04,0.6494,0.5357,4246681,26264236.0,4914678000.0,4914678000.0
3050,2019-08-09,sh601002,晋亿实业,6.16,6.23,6.05,6.21,6.2,-0.04,-0.6452,0.7896,6258760,38536619.0,4882970400.0,4882970400.0
3051,2019-08-12,sh601002,晋亿实业,6.22,6.22,6.11,6.17,6.16,0.06,0.974,0.6113,4845897,29924901.0,4930531800.0,4930531800.0
3052,2019-08-13,sh601002,晋亿实业,6.15,6.23,6.12,6.15,6.22,-0.07,-1.1254,0.4406,3492598,21532295.0,4875043500.0,4875043500.0
3053,2019-08-14,sh601002,晋亿实业,6.2,6.26,6.16,6.25,6.15,0.05,0.813,0.4957,3929510,24400166.0,4914678000.0,4914678000.0
3054,2019-08-15,sh601002,晋亿实业,6.16,6.17,5.9,6.03,6.2,-0.04,-0.6452,0.7203,5709900,34580735.0,4882970400.0,4882970400.0
3055,2019-08-16,sh601002,晋亿实业,6.19,6.24,6.15,6.24,6.16,0.03,0.487,0.6237,4944100,30624425.0,4906751100.0,4906751100.0
3056,2019-08-19,sh601002,晋亿实业,6.38,6.39,6.18,6.24,6.19,0.19,3.0695,1.0049,7965530,50456576.0,5057362200.0,5057362200.0
3057,2019-08-20,sh601002,晋亿实业,6.37,6.48,6.34,6.4,6.38,-0.01,-0.1567,0.7084,5615445,35963785.0,5049435300.0,5049435300.0
3058,2019-08-21,sh601002,晋亿实业,6.39,6.41,6.33,6.36,6.37,0.02,0.314,0.5869,4652417,29669753.0,5065289100.0,5065289100.0
3059,2019-08-22,sh601002,晋亿实业,6.37,6.4,6.3,6.38,6.39,-0.02,-0.313,0.6333,5019762,31842647.0,5049435300.0,5049435300.0
3060,2019-08-23,sh601002,晋亿实业,6.34,6.4,6.28,6.37,6.37,-0.03,-0.471,0.6009,4763110,30189628.0,5025654600.0,5025654600.0
3061,2019-08-26,sh601002,晋亿实业,6.28,6.3,6.14,6.17,6.34,-0.06,-0.9464,0.6521,5169520,32253555.0,4978093200.0,4978093200.0
3062,2019-08-27,sh601002,晋亿实业,6.43,6.44,6.31,6.33,6.28,0.15,2.3885,0.8257,6544898,41846397.0,5096996700.0,5096996700.0
3063,2019-08-28,sh601002,晋亿实业,6.22,6.4,6.2,6.37,6.43,-0.21,-3.2659,1.5442,12240519,76591344.0,4930531800.0,4930531800.0
3064,2019-08-29,sh601002,晋亿实业,6.18,6.22,6.1,6.2,6.22,-0.04,-0.6431,1.3513,10711916,65930807.0,4898824200.0,4898824200.0
3065,2019-08-30,sh601002,晋亿实业,6.24,6.35,6.1,6.2,6.18,0.06,0.9709,1.8016,14281071,88351546.0,4946385600.0,4946385600.0
3066,2019-09-02,sh601002,晋亿实业,6.42,6.43,6.17,6.21,6.24,0.18,2.8846,2.3742,18819705,118808136.0,5089069800.0,5089069800.0
3067,2019-09-03,sh601002,晋亿实业,6.48,6.54,6.33,6.41,6.42,0.06,0.9346,3.7382,29632645,190360134.0,5136631200.0,5136631200.0
3068,2019-09-04,sh601002,晋亿实业,6.47,6.55,6.33,6.4,6.48,-0.01,-0.1543,3.0004,23783602,153310243.0,5128704300.0,5128704300.0
3069,2019-09-05,sh601002,晋亿实业,6.51,6.61,6.49,6.55,6.47,0.04,0.6182,2.9797,23619946,154654471.0,5160411900.0,5160411900.0
3070,2019-09-06,sh601002,晋亿实业,6.44,6.53,6.4,6.5,6.51,-0.07,-1.0753,1.6456,13044886,84304386.0,5104923600.0,5104923600.0
3071,2019-09-09,sh601002,晋亿实业,6.51,6.52,6.44,6.5,6.44,0.07,1.087,1.7179,13617811,88275141.0,5160411900.0,5160411900.0
3072,2019-09-10,sh601002,晋亿实业,6.53,6.57,6.48,6.5,6.51,0.02,0.3072,1.5615,12377698,80679904.0,5176265700.0,5176265700.0
3073,2019-09-11,sh601002,晋亿实业,6.48,6.55,6.46,6.55,6.53,-0.05,-0.7657,1.3401,10623200,69190660.0,5136631200.0,5136631200.0
3074,2019-09-12,sh601002,晋亿实业,6.53,6.56,6.48,6.54,6.48,0.05,0.7716,1.314,10416099,68001712.0,5176265700.0,5176265700.0
3075,2019-09-16,sh601002,晋亿实业,6.54,6.65,6.51,6.54,6.53,0.01,0.1531,1.6146,12798501,83890303.0,5184192600.0,5184192600.0
3076,2019-09-17,sh601002,晋亿实业,6.3,6.52,6.28,6.51,6.54,-0.24,-3.6697,1.6386,12989069,82784970.0,4993947000.0,4993947000.0
3077,2019-09-18,sh601002,晋亿实业,6.32,6.43,6.28,6.31,6.3,0.02,0.3175,1.1787,9343302,59418885.0,5009800800.0,5009800800.0
3078,2019-09-19,sh601002,晋亿实业,6.39,6.4,6.31,6.32,6.32,0.07,1.1076,0.857,6793338,43190261.0,5065289100.0,5065289100.0
3079,2019-09-20,sh601002,晋亿实业,6.69,6.86,6.45,6.48,6.39,0.3,4.6948,4.7697,37808982,252331509.0,5303096100.0,5303096100.0
3080,2019-09-23,sh601002,晋亿实业,6.57,6.76,6.5,6.65,6.69,-0.12,-1.7937,2.6326,20868530,138293840.0,5207973300.0,5207973300.0
3081,2019-09-24,sh601002,晋亿实业,6.45,6.58,6.4,6.56,6.57,-0.12,-1.8265,2.0335,16119411,104191305.0,5112850500.0,5112850500.0
3082,2019-09-25,sh601002,晋亿实业,6.21,6.42,6.21,6.41,6.45,-0.24,-3.7209,1.6731,13262175,83488567.0,4922604900.0,4922604900.0
3083,2019-09-26,sh601002,晋亿实业,6.12,6.25,6.05,6.24,6.21,-0.09,-1.4493,1.1617,9208328,56423153.0,4851262800.0,4851262800.0
3084,2019-09-27,sh601002,晋亿实业,6.12,6.17,6.07,6.1,6.12,0.0,0.0,0.7649,6063401,37145838.0,4851262800.0,4851262800.0
3085,2019-09-30,sh601002,晋亿实业,6.07,6.15,6.04,6.14,6.12,-0.05,-0.817,0.6097,4832702,29404356.0,4811628300.0,4811628300.0
3086,2019-10-08,sh601002,晋亿实业,6.08,6.13,6.06,6.07,6.07,0.01,0.1647,0.359,2845500,17344109.0,4819555200.0,4819555200.0
3087,2019-10-09,sh601002,晋亿实业,6.13,6.13,6.01,6.05,6.08,0.05,0.8224,0.4526,3587744,21843984.0,4859189700.0,4859189700.0
3088,2019-10-10,sh601002,晋亿实业,6.16,6.18,6.09,6.13,6.13,0.03,0.4894,0.6878,5452475,33563776.0,4882970400.0,4882970400.0
3089,2019-10-11,sh601002,晋亿实业,6.15,6.18,6.11,6.17,6.16,-0.01,-0.1623,0.596,4724100,29038565.0,4875043500.0,4875043500.0
3090,2019-10-14,sh601002,晋亿实业,6.24,6.26,6.16,6.2,6.15,0.09,1.4634,0.8125,6440256,40096659.0,4946385600.0,4946385600.0
3091,2019-10-15,sh601002,晋亿实业,6.2,6.25,6.17,6.22,6.24,-0.04,-0.641,0.4363,3458814,21434850.0,4914678000.0,4914678000.0
3092,2019-10-16,sh601002,晋亿实业,6.18,6.31,6.17,6.28,6.2,-0.02,-0.3226,0.6371,5050257,31475143.0,4898824200.0,4898824200.0
3093,2019-10-17,sh601002,晋亿实业,6.16,6.23,6.13,6.18,6.18,-0.02,-0.3236,0.4834,3832173,23650554.0,4882970400.0,4882970400.0
3094,2019-10-18,sh601002,晋亿实业,6.08,6.19,6.05,6.16,6.16,-0.08,-1.2987,0.6468,5127101,31312742.0,4819555200.0,4819555200.0
3095,2019-10-21,sh601002,晋亿实业,6.15,6.24,6.01,6.08,6.08,0.07,1.1513,0.8109,6427967,39341705.0,4875043500.0,4875043500.0
3096,2019-10-22,sh601002,晋亿实业,6.15,6.15,6.08,6.11,6.15,0.0,0.0,0.4489,3558260,21772246.0,4875043500.0,4875043500.0
3097,2019-10-23,sh601002,晋亿实业,6.13,6.15,6.11,6.15,6.15,-0.02,-0.3252,0.3828,3034090,18591683.0,4859189700.0,4859189700.0
3098,2019-10-24,sh601002,晋亿实业,6.12,6.13,6.06,6.13,6.13,-0.01,-0.1631,0.3946,3127620,19074413.0,4851262800.0,4851262800.0
3099,2019-10-25,sh601002,晋亿实业,6.15,6.21,6.05,6.13,6.12,0.03,0.4902,0.6064,4806958,29421473.0,4875043500.0,4875043500.0
3100,2019-10-28,sh601002,晋亿实业,6.21,6.22,6.13,6.15,6.15,0.06,0.9756,0.8215,6512282,40281654.0,4922604900.0,4922604900.0
3101,2019-10-29,sh601002,晋亿实业,6.08,6.21,6.08,6.2,6.21,-0.13,-2.0934,0.7215,5719325,35162218.0,4819555200.0,4819555200.0
3102,2019-10-30,sh601002,晋亿实业,5.98,6.1,5.97,6.06,6.08,-0.1,-1.6447,0.8657,6862559,41364265.0,4740286200.0,4740286200.0
3103,2019-10-31,sh601002,晋亿实业,5.88,6.01,5.86,5.98,5.98,-0.1,-1.6722,0.7679,6086690,36079931.0,4661017200.0,4661017200.0
3104,2019-11-01,sh601002,晋亿实业,5.94,5.97,5.88,5.88,5.88,0.06,1.0204,0.4223,3347264,19862535.0,4708578600.0,4708578600.0
3105,2019-11-04,sh601002,晋亿实业,6.0,6.04,5.95,5.95,5.94,0.06,1.0101,0.5818,4611706,27684878.0,4756140000.0,4756140000.0
3106,2019-11-05,sh601002,晋亿实业,5.94,6.03,5.91,6.0,6.0,-0.06,-1.0,0.6261,4962705,29513759.0,4708578600.0,4708578600.0
3107,2019-11-06,sh601002,晋亿实业,5.87,5.95,5.83,5.93,5.94,-0.07,-1.1785,0.6728,5332872,31435032.0,4653090300.0,4653090300.0
3108,2019-11-07,sh601002,晋亿实业,5.87,5.89,5.82,5.85,5.87,0.0,0.0,0.4831,3829675,22422384.0,4653090300.0,4653090300.0
3109,2019-11-08,sh601002,晋亿实业,5.81,5.92,5.79,5.9,5.87,-0.06,-1.0221,0.5336,4229569,24724941.0,4605528900.0,4605528900.0
3110,2019-11-11,sh601002,晋亿实业,5.57,5.79,5.55,5.79,5.81,-0.24,-4.1308,0.9552,7571966,42761637.0,4415283300.0,4415283300.0
3111,2019-11-12,sh601002,晋亿实业,5.57,5.61,5.49,5.58,5.57,0.0,0.0,0.5579,4422054,24596186.0,4415283300.0,4415283300.0
3112,2019-11-13,sh601002,晋亿实业,5.5,5.59,5.48,5.59,5.57,-0.07,-1.2567,0.424,3361368,18549221.0,4359795000.0,4359795000.0
3113,2019-11-14,sh601002,晋亿实业,5.56,5.59,5.5,5.53,5.5,0.06,1.0909,0.5334,4228446,23479095.0,4407356400.0,4407356400.0
3114,2019-11-15,sh601002,晋亿实业,5.45,5.56,5.45,5.56,5.56,-0.11,-1.9784,0.3975,3150800,17331769.0,4320160500.0,4320160500.0
3115,2019-11-18,sh601002,晋亿实业,5.51,5.53,5.43,5.43,5.45,0.06,1.1009,0.361,2861511,15736584.0,4367721900.0,4367721900.0
3116,2019-11-19,sh601002,晋亿实业,5.57,5.58,5.49,5.51,5.51,0.06,1.0889,0.3763,2983256,16581182.0,4415283300.0,4415283300.0
3117,2019-11-20,sh601002,晋亿实业,5.55,5.58,5.54,5.58,5.57,-0.02,-0.3591,0.3441,2727843,15173676.0,4399429500.0,4399429500.0
3118,2019-11-21,sh601002,晋亿实业,5.59,5.65,5.5,5.54,5.55,0.04,0.7207,0.4971,3940652,22062898.0,4431137100.0,4431137100.0
3119,2019-11-22,sh601002,晋亿实业,5.57,5.63,5.52,5.59,5.59,-0.02,-0.3578,0.4708,3731800,20835481.0,4415283300.0,4415283300.0
3120,2019-11-25,sh601002,晋亿实业,5.69,5.7,5.56,5.57,5.57,0.12,2.1544,0.8644,6851831,38728095.0,4510406100.0,4510406100.0
3121,2019-11-26,sh601002,晋亿实业,5.62,5.69,5.61,5.69,5.69,-0.07,-1.2302,0.4176,3309998,18631142.0,4454917800.0,4454917800.0
3122,2019-11-27,sh601002,晋亿实业,5.57,5.66,5.55,5.6,5.62,-0.05,-0.8897,0.4359,3455084,19352025.0,4415283300.0,4415283300.0
3123,2019-11-28,sh601002,晋亿实业,5.55,5.63,5.55,5.55,5.57,-0.02,-0.3591,0.333,2639600,14729764.0,4399429500.0,4399429500.0
3124,2019-11-29,sh601002,晋亿实业,5.54,5.56,5.5,5.56,5.55,-0.01,-0.1802,0.3038,2407900,13306635.0,4391502600.0,4391502600.0
3125,2019-12-02,sh601002,晋亿实业,5.59,5.67,5.56,5.58,5.54,0.05,0.9025,0.4867,3858249,21663960.0,4431137100.0,4431137100.0
3126,2019-12-03,sh601002,晋亿实业,5.58,5.59,5.51,5.57,5.59,-0.01,-0.1789,0.2738,2170005,12039229.0,4423210200.0,4423210200.0
3127,2019-12-04,sh601002,晋亿实业,5.59,5.6,5.53,5.58,5.58,0.01,0.1792,0.3771,2989238,16611442.0,4431137100.0,4431137100.0
3128,2019-12-05,sh601002,晋亿实业,5.61,5.64,5.55,5.59,5.59,0.02,0.3578,0.6604,5235227,29252504.0,4446990900.0,4446990900.0
3129,2019-12-06,sh601002,晋亿实业,5.59,5.62,5.55,5.61,5.61,-0.02,-0.3565,0.4599,3645259,20333837.0,4431137100.0,4431137100.0
3130,2019-12-09,sh601002,晋亿实业,5.63,5.64,5.59,5.61,5.59,0.04,0.7156,0.5101,4043358,22702497.0,4462844700.0,4462844700.0
3131,2019-12-10,sh601002,晋亿实业,5.6,5.63,5.56,5.6,5.63,-0.03,-0.5329,0.5234,4149239,23212689.0,4439064000.0,4439064000.0
3132,2019-12-11,sh601002,晋亿实业,5.62,5.64,5.59,5.61,5.6,0.02,0.3571,0.665,5271663,29626266.0,4454917800.0,4454917800.0
3133,2019-12-12,sh601002,晋亿实业,5.57,5.63,5.56,5.62,5.62,-0.05,-0.8897,0.5992,4749607,26532173.0,4415283300.0,4415283300.0
3134,2019-12-13,sh601002,晋亿实业,5.65,5.65,5.57,5.59,5.57,0.08,1.4363,0.9209,7299947,40932058.0,4478698500.0,4478698500.0
3135,2019-12-16,sh601002,晋亿实业,5.73,5.73,5.62,5.64,5.65,0.08,1.4159,0.9819,7783103,44262090.0,4542113700.0,4542113700.0
3136,2019-12-17,sh601002,晋亿实业,5.79,5.84,5.7,5.72,5.73,0.06,1.0471,1.0678,8464009,48902948.0,4589675100.0,4589675100.0
3137,2019-12-18,sh601002,晋亿实业,5.78,5.84,5.78,5.78,5.79,-0.01,-0.1727,0.8378,6641302,38555531.0,4581748200.0,4581748200.0
3138,2019-12-19,sh601002,晋亿实业,5.88,5.99,5.78,5.8,5.78,0.1,1.7301,1.5485,12274835,72305454.0,4661017200.0,4661017200.0
3139,2019-12-20,sh601002,晋亿实业,5.82,5.9,5.8,5.87,5.88,-0.06,-1.0204,0.7881,6247509,36498548.0,4613455800.0,4613455800.0
3140,2019-12-23,sh601002,晋亿实业,5.71,5.81,5.71,5.81,5.82,-0.11,-1.89,0.7311,5795312,33359134.0,4526259900.0,4526259900.0
3141,2019-12-24,sh601002,晋亿实业,5.76,5.77,5.7,5.7,5.71,0.05,0.8757,0.5775,4578034,26262296.0,4565894400.0,4565894400.0
3142,2019-12-25,sh601002,晋亿实业,5.73,5.76,5.7,5.73,5.76,-0.03,-0.5208,0.4478,3549302,20351516.0,4542113700.0,4542113700.0
3143,2019-12-26,sh601002,晋亿实业,5.8,5.81,5.71,5.71,5.73,0.07,1.2216,0.6666,5284337,30449916.0,4597602000.0,4597602000.0
3144,2019-12-27,sh601002,晋亿实业,5.77,5.9,5.77,5.8,5.8,-0.03,-0.5172,0.9727,7710861,44896569.0,4573821300.0,4573821300.0
3145,2019-12-30,sh601002,晋亿实业,5.81,5.81,5.67,5.76,5.77,0.04,0.6932,0.7951,6302305,36245848.0,4605528900.0,4605528900.0
3146,2019-12-31,sh601002,晋亿实业,5.88,5.88,5.77,5.79,5.81,0.07,1.2048,0.9791,7761550,45335191.0,4661017200.0,4661017200.0
3147,2020-01-02,sh601002,晋亿实业,5.95,5.99,5.86,5.92,5.88,0.07,1.1905,1.3779,10922240,64943549.0,4716505500.0,4716505500.0
3148,2020-01-03,sh601002,晋亿实业,5.97,6.02,5.92,5.96,5.95,0.02,0.3361,1.1095,8794814,52421352.0,4732359300.0,4732359300.0
3149,2020-01-06,sh601002,晋亿实业,5.99,6.05,5.92,5.93,5.97,0.02,0.335,1.1407,9042416,54079834.0,4748213100.0,4748213100.0
3150,2020-01-07,sh601002,晋亿实业,6.06,6.07,5.99,5.99,5.99,0.07,1.1686,1.0245,8120794,49086734.0,4803701400.0,4803701400.0
3151,2020-01-08,sh601002,晋亿实业,5.93,6.04,5.92,6.02,6.06,-0.13,-2.1452,1.1326,8978310,53680099.0,4700651700.0,4700651700.0
3152,2020-01-09,sh601002,晋亿实业,6.0,6.03,5.97,5.99,5.93,0.07,1.1804,0.6691,5304000,31795210.0,4756140000.0,4756140000.0
3153,2020-01-10,sh601002,晋亿实业,6.11,6.11,5.96,5.99,6.0,0.11,1.8333,1.7774,14088995,85419484.0,4843335900.0,4843335900.0
3154,2020-01-13,sh601002,晋亿实业,6.08,6.09,6.0,6.06,6.11,-0.03,-0.491,1.0068,7980798,48235129.0,4819555200.0,4819555200.0
3155,2020-01-14,sh601002,晋亿实业,6.12,6.22,6.08,6.1,6.08,0.04,0.6579,1.5433,12233323,75196255.0,4851262800.0,4851262800.0
3156,2020-01-15,sh601002,晋亿实业,6.09,6.18,6.05,6.11,6.12,-0.03,-0.4902,0.9906,7852237,47926262.0,4827482100.0,4827482100.0
3157,2020-01-16,sh601002,晋亿实业,5.97,6.13,5.97,6.09,6.09,-0.12,-1.9704,1.0156,8050214,48468669.0,4732359300.0,4732359300.0
3158,2020-01-17,sh601002,晋亿实业,5.96,6.01,5.92,6.01,5.97,-0.01,-0.1675,0.7085,5616406,33479404.0,4724432400.0,4724432400.0
3159,2020-01-20,sh601002,晋亿实业,5.98,6.02,5.93,5.95,5.96,0.02,0.3356,0.6829,5413426,32373665.0,4740286200.0,4740286200.0
3160,2020-01-21,sh601002,晋亿实业,5.85,5.98,5.84,5.98,5.98,-0.13,-2.1739,0.7868,6236881,36835332.0,4637236500.0,4637236500.0
3161,2020-01-22,sh601002,晋亿实业,5.87,5.9,5.77,5.88,5.85,0.02,0.3419,0.6391,5066426,29615887.0,4653090300.0,4653090300.0
3162,2020-01-23,sh601002,晋亿实业,5.62,5.84,5.58,5.84,5.87,-0.25,-4.2589,1.3267,10516533,59874355.0,4454917800.0,4454917800.0
3163,2020-02-03,sh601002,晋亿实业,5.06,5.06,5.06,5.06,5.62,-0.56,-9.9644,0.1996,1582300,8006438.0,4011011400.0,4011011400.0
3164,2020-02-04,sh601002,晋亿实业,4.85,4.97,4.56,4.56,5.06,-0.21,-4.1502,1.6465,13051744,62987972.0,3844546500.0,3844546500.0
3165,2020-02-05,sh601002,晋亿实业,4.92,5.0,4.81,4.85,4.85,0.07,1.4433,0.909,7205278,35546564.0,3900034800.0,3900034800.0
3166,2020-02-06,sh601002,晋亿实业,4.97,5.0,4.86,4.94,4.92,0.05,1.0163,1.3444,10657311,52541833.0,3939669300.0,3939669300.0
3167,2020-02-07,sh601002,晋亿实业,4.95,4.96,4.88,4.96,4.97,-0.02,-0.4024,0.9493,7524653,37042987.0,3923815500.0,3923815500.0
3168,2020-02-10,sh601002,晋亿实业,5.12,5.14,4.89,4.93,4.95,0.17,3.4343,1.3752,10900990,55134338.0,4058572800.0,4058572800.0
3169,2020-02-11,sh601002,晋亿实业,5.11,5.2,5.09,5.16,5.12,-0.01,-0.1953,1.0383,8230842,42310387.0,4050645900.0,4050645900.0
3170,2020-02-12,sh601002,晋亿实业,5.17,5.18,5.07,5.11,5.11,0.06,1.1742,0.8437,6687576,34331951.0,4098207300.0,4098207300.0
3171,2020-02-13,sh601002,晋亿实业,5.11,5.24,5.1,5.16,5.17,-0.06,-1.1605,0.8865,7026901,36268951.0,4050645900.0,4050645900.0
3172,2020-02-14,sh601002,晋亿实业,5.11,5.15,5.08,5.12,5.11,0.0,0.0,0.6057,4800991,24547477.0,4050645900.0,4050645900.0
3173,2020-02-17,sh601002,晋亿实业,5.27,5.27,5.1,5.11,5.11,0.16,3.1311,1.072,8497795,44340530.0,4177476300.0,4177476300.0
3174,2020-02-18,sh601002,晋亿实业,5.33,5.38,5.25,5.27,5.27,0.06,1.1385,1.0948,8678652,46095207.0,4225037700.0,4225037700.0
3175,2020-02-19,sh601002,晋亿实业,5.74,5.86,5.28,5.31,5.33,0.41,7.6923,4.1114,32590538,185650033.0,4550040600.0,4550040600.0
3176,2020-02-20,sh601002,晋亿实业,5.67,5.73,5.52,5.68,5.74,-0.07,-1.2195,2.856,22638887,127404042.0,4494552300.0,4494552300.0
3177,2020-02-21,sh601002,晋亿实业,5.78,5.89,5.6,5.67,5.67,0.11,1.94,2.5382,20119861,115892320.0,4581748200.0,4581748200.0
3178,2020-02-24,sh601002,晋亿实业,5.86,5.96,5.72,5.78,5.78,0.08,1.3841,2.4228,19205594,112460064.0,4645163400.0,4645163400.0
3179,2020-02-25,sh601002,晋亿实业,5.73,5.8,5.6,5.67,5.86,-0.13,-2.2184,1.8446,14622090,83432916.0,4542113700.0,4542113700.0
3180,2020-02-26,sh601002,晋亿实业,5.88,6.09,5.63,5.67,5.73,0.15,2.6178,3.7317,29580986,176230040.0,4661017200.0,4661017200.0
3181,2020-02-27,sh601002,晋亿实业,5.9,6.05,5.82,5.91,5.88,0.02,0.3401,2.169,17193193,101947687.0,4676871000.0,4676871000.0
3182,2020-02-28,sh601002,晋亿实业,5.61,5.9,5.6,5.74,5.9,-0.29,-4.9153,1.886,14949978,85645024.0,4446990900.0,4446990900.0
3183,2020-03-02,sh601002,晋亿实业,5.99,6.03,5.67,5.67,5.61,0.38,6.7736,2.5974,20589173,122257985.0,4748213100.0,4748213100.0
3184,2020-03-03,sh601002,晋亿实业,5.89,6.17,5.84,6.15,5.99,-0.1,-1.6694,3.2669,25896764,154485667.0,4668944100.0,4668944100.0
3185,2020-03-04,sh601002,晋亿实业,6.06,6.06,5.78,5.87,5.89,0.17,2.8862,2.6093,20683836,123212468.0,4803701400.0,4803701400.0
3186,2020-03-05,sh601002,晋亿实业,6.28,6.45,6.09,6.14,6.06,0.22,3.6304,4.6911,37185893,233997764.0,4978093200.0,4978093200.0
3187,2020-03-06,sh601002,晋亿实业,6.3,6.52,6.14,6.17,6.28,0.02,0.3185,3.8205,30284552,193154531.0,4993947000.0,4993947000.0
3188,2020-03-09,sh601002,晋亿实业,6.47,6.9,6.12,6.13,6.3,0.17,2.6984,5.3462,42379074,276217106.0,5128704300.0,5128704300.0
3189,2020-03-10,sh601002,晋亿实业,6.63,6.72,6.01,6.36,6.47,0.16,2.473,6.0022,47578693,302987258.0,5255534700.0,5255534700.0
3190,2020-03-11,sh601002,晋亿实业,6.36,6.78,6.35,6.51,6.63,-0.27,-4.0724,4.6102,36544661,239330034.0,5041508400.0,5041508400.0
3191,2020-03-12,sh601002,晋亿实业,6.21,6.46,6.17,6.2,6.36,-0.15,-2.3585,2.4513,19431301,122512259.0,4922604900.0,4922604900.0
3192,2020-03-13,sh601002,晋亿实业,6.09,6.29,5.75,5.8,6.21,-0.12,-1.9324,2.9861,23670748,142008152.0,4827482100.0,4827482100.0
3193,2020-03-16,sh601002,晋亿实业,5.8,6.29,5.77,6.2,6.09,-0.29,-4.7619,2.5654,20335813,122466244.0,4597602000.0,4597602000.0
3194,2020-03-17,sh601002,晋亿实业,5.88,5.97,5.6,5.85,5.8,0.08,1.3793,2.2675,17974358,104697158.0,4661017200.0,4661017200.0
3195,2020-03-18,sh601002,晋亿实业,5.66,5.99,5.65,5.92,5.88,-0.22,-3.7415,2.1738,17231139,100927059.0,4486625400.0,4486625400.0
3196,2020-03-19,sh601002,晋亿实业,5.54,5.7,5.41,5.64,5.66,-0.12,-2.1201,1.8199,14426067,79834817.0,4391502600.0,4391502600.0
3197,2020-03-20,sh601002,晋亿实业,5.65,5.67,5.51,5.62,5.54,0.11,1.9856,1.3845,10974726,61502636.0,4478698500.0,4478698500.0
3198,2020-03-23,sh601002,晋亿实业,5.44,5.61,5.4,5.4,5.65,-0.21,-3.7168,1.2185,9658741,53208116.0,4312233600.0,4312233600.0
3199,2020-03-24,sh601002,晋亿实业,5.5,5.59,5.33,5.54,5.44,0.06,1.1029,1.1033,8745524,47983225.0,4359795000.0,4359795000.0
3200,2020-03-25,sh601002,晋亿实业,5.85,6.04,5.53,5.64,5.5,0.35,6.3636,2.8159,22321077,129627095.0,4637236500.0,4637236500.0
3201,2020-03-26,sh601002,晋亿实业,5.73,5.8,5.65,5.7,5.85,-0.12,-2.0513,1.3621,10797386,61998203.0,4542113700.0,4542113700.0
3202,2020-03-27,sh601002,晋亿实业,5.96,6.06,5.75,5.89,5.73,0.23,4.014,3.1685,25116367,149437845.0,4724432400.0,4724432400.0
3203,2020-03-30,sh601002,晋亿实业,6.15,6.2,5.85,5.9,5.96,0.19,3.1879,3.1829,25230388,153320691.0,4875043500.0,4875043500.0
3204,2020-03-31,sh601002,晋亿实业,6.06,6.25,6.01,6.13,6.15,-0.09,-1.4634,2.8612,22680732,138584082.0,4803701400.0,4803701400.0
3205,2020-04-01,sh601002,晋亿实业,5.83,6.1,5.78,6.01,6.06,-0.23,-3.7954,2.4378,19324496,114577818.0,4621382700.0,4621382700.0
3206,2020-04-02,sh601002,晋亿实业,5.88,5.89,5.67,5.71,5.83,0.05,0.8576,1.5227,12070612,69937633.0,4661017200.0,4661017200.0
3207,2020-04-03,sh601002,晋亿实业,5.66,5.88,5.61,5.88,5.88,-0.22,-3.7415,1.4463,11464859,65789316.0,4486625400.0,4486625400.0
3208,2020-04-07,sh601002,晋亿实业,6.05,6.05,5.75,5.75,5.66,0.39,6.8905,2.2053,17481533,103380492.0,4795774500.0,4795774500.0
3209,2020-04-08,sh601002,晋亿实业,6.03,6.1,5.96,6.05,6.05,-0.02,-0.3306,1.3431,10646983,64077835.0,4779920700.0,4779920700.0
3210,2020-04-09,sh601002,晋亿实业,6.06,6.13,5.99,6.03,6.03,0.03,0.4975,1.4113,11187417,67698831.0,4803701400.0,4803701400.0
3211,2020-04-10,sh601002,晋亿实业,5.96,6.23,5.96,6.1,6.06,-0.1,-1.6502,2.4751,19619809,119509697.0,4724432400.0,4724432400.0
3212,2020-04-13,sh601002,晋亿实业,5.97,5.97,5.75,5.88,5.96,0.01,0.1678,1.198,9496500,55691816.0,4732359300.0,4732359300.0
3213,2020-04-14,sh601002,晋亿实业,6.03,6.12,5.96,5.97,5.97,0.06,1.005,1.4015,11109631,66999035.0,4779920700.0,4779920700.0
3214,2020-04-15,sh601002,晋亿实业,5.87,6.11,5.86,6.02,6.03,-0.16,-2.6534,1.4823,11750341,70116839.0,4653090300.0,4653090300.0
3215,2020-04-16,sh601002,晋亿实业,5.84,5.94,5.76,5.87,5.87,-0.03,-0.5111,0.9833,7794201,45456308.0,4629309600.0,4629309600.0
3216,2020-04-17,sh601002,晋亿实业,6.31,6.42,5.8,5.88,5.84,0.47,8.0479,7.7512,61442838,387489020.0,5001873900.0,5001873900.0
3217,2020-04-20,sh601002,晋亿实业,6.37,6.49,6.26,6.31,6.31,0.06,0.9509,6.4943,51479906,328427786.0,5049435300.0,5049435300.0
3218,2020-04-21,sh601002,晋亿实业,6.47,6.66,6.25,6.32,6.37,0.1,1.5699,5.9152,46889340,302310966.0,5128704300.0,5128704300.0
3219,2020-04-22,sh601002,晋亿实业,6.45,6.5,6.3,6.43,6.47,-0.02,-0.3091,3.4349,27228049,173960185.0,5112850500.0,5112850500.0
3220,2020-04-23,sh601002,晋亿实业,6.24,6.47,6.18,6.41,6.45,-0.21,-3.2558,3.4515,27359354,171892526.0,4946385600.0,4946385600.0
3221,2020-04-24,sh601002,晋亿实业,6.28,6.38,6.09,6.23,6.24,0.04,0.641,2.9873,23680221,147364995.0,4978093200.0,4978093200.0
3222,2020-04-27,sh601002,晋亿实业,6.24,6.36,6.12,6.2,6.28,-0.04,-0.6369,2.3637,18736457,116549684.0,4946385600.0,4946385600.0
3223,2020-04-28,sh601002,晋亿实业,5.64,6.24,5.62,6.24,6.24,-0.6,-9.6154,4.777,37866482,219438411.0,4470771600.0,4470771600.0
3224,2020-04-29,sh601002,晋亿实业,5.51,5.68,5.46,5.54,5.64,-0.13,-2.305,1.8239,14458193,80201318.0,4367721900.0,4367721900.0
3225,2020-04-30,sh601002,晋亿实业,5.64,5.68,5.51,5.56,5.51,0.13,2.3593,1.2262,9720294,54579965.0,4470771600.0,4470771600.0
3226,2020-05-06,sh601002,晋亿实业,5.78,5.81,5.52,5.53,5.64,0.14,2.4823,1.5923,12622156,72164957.0,4581748200.0,4581748200.0
3227,2020-05-07,sh601002,晋亿实业,5.88,6.08,5.74,5.83,5.78,0.1,1.7301,2.0547,16287264,95704423.0,5593220640.0,4661017200.0
3228,2020-05-08,sh601002,晋亿实业,5.93,5.97,5.82,5.92,5.88,0.05,0.8503,1.8205,14430748,84924172.0,5640782040.0,4700651700.0
3229,2020-05-11,sh601002,晋亿实业,6.03,6.06,5.87,5.87,5.93,0.1,1.6863,2.022,16028163,95972152.0,5735904840.0,4779920700.0
3230,2020-05-12,sh601002,晋亿实业,5.93,6.03,5.85,6.01,6.03,-0.1,-1.6584,1.1717,9287801,55231271.0,5640782040.0,4700651700.0
3231,2020-05-13,sh601002,晋亿实业,5.94,5.97,5.86,5.89,5.93,0.01,0.1686,1.0593,8396869,49833664.0,5650294320.0,4708578600.0
3232,2020-05-14,sh601002,晋亿实业,5.9,6.11,5.9,6.09,5.94,-0.04,-0.6734,1.9907,15780372,95014468.0,5612245200.0,4676871000.0
3233,2020-05-15,sh601002,晋亿实业,5.97,6.01,5.87,5.96,5.9,0.07,1.1864,1.2576,9968892,59177075.0,5678831160.0,4732359300.0
3234,2020-05-18,sh601002,晋亿实业,5.96,6.11,5.91,6.0,5.97,-0.01,-0.1675,1.106,8767335,52460275.0,5669318880.0,4724432400.0
3235,2020-05-19,sh601002,晋亿实业,6.09,6.11,5.98,6.04,5.96,0.13,2.1812,2.0323,16109795,97623938.0,5792978520.0,4827482100.0
3236,2020-05-20,sh601002,晋亿实业,6.1,6.17,6.02,6.07,6.09,0.01,0.1642,1.7945,14224470,86715865.0,5802490800.0,4835409000.0
3237,2020-05-21,sh601002,晋亿实业,5.87,6.11,5.83,6.07,6.1,-0.23,-3.7705,1.692,13412674,79680971.0,5583708360.0,4653090300.0
3238,2020-05-22,sh601002,晋亿实业,5.75,5.86,5.72,5.82,5.87,-0.12,-2.0443,1.2261,9719515,56159622.0,5469561000.0,4557967500.0
3239,2020-05-25,sh601002,晋亿实业,5.57,5.75,5.54,5.69,5.75,-0.18,-3.1304,1.1224,8897314,50106094.0,5298339960.0,4415283300.0
3240,2020-05-26,sh601002,晋亿实业,5.64,5.67,5.55,5.6,5.57,0.07,1.2567,0.8324,6598648,37076014.0,5364925920.0,4470771600.0
3241,2020-05-27,sh601002,晋亿实业,5.62,5.68,5.57,5.64,5.64,-0.02,-0.3546,0.6398,5071948,28461418.0,5345901360.0,4454917800.0
3242,2020-05-28,sh601002,晋亿实业,5.57,5.65,5.48,5.62,5.62,-0.05,-0.8897,0.7336,5815302,32326812.0,5298339960.0,4415283300.0
3243,2020-05-29,sh601002,晋亿实业,5.57,5.61,5.56,5.56,5.57,0.0,0.0,0.4094,3245300,18104351.0,5298339960.0,4415283300.0
3244,2020-06-01,sh601002,晋亿实业,5.73,5.75,5.59,5.59,5.57,0.16,2.8725,0.8581,6801767,38759705.0,5450536440.0,4542113700.0
3245,2020-06-02,sh601002,晋亿实业,5.73,5.76,5.7,5.73,5.73,0.0,0.0,0.7345,5821967,33324409.0,5450536440.0,4542113700.0
3246,2020-06-03,sh601002,晋亿实业,5.73,5.83,5.72,5.73,5.73,0.0,0.0,0.9216,7305112,42143335.0,5450536440.0,4542113700.0
3247,2020-06-04,sh601002,晋亿实业,5.68,5.76,5.66,5.75,5.73,-0.05,-0.8726,0.6387,5062537,28795393.0,5402975040.0,4502479200.0
3248,2020-06-05,sh601002,晋亿实业,5.63,5.7,5.61,5.68,5.68,-0.05,-0.8803,0.5913,4686783,26413926.0,5355413640.0,4462844700.0
3249,2020-06-08,sh601002,晋亿实业,5.73,5.77,5.62,5.64,5.63,0.1,1.7762,0.9032,7159797,40771547.0,5450536440.0,4542113700.0
3250,2020-06-09,sh601002,晋亿实业,5.71,5.74,5.68,5.73,5.73,-0.02,-0.349,0.4584,3633437,20735887.0,5431511880.0,4526259900.0
3251,2020-06-10,sh601002,晋亿实业,5.64,5.71,5.63,5.7,5.71,-0.07,-1.2259,0.4307,3413761,19280227.0,5364925920.0,4470771600.0
3252,2020-06-11,sh601002,晋亿实业,5.61,5.7,5.58,5.68,5.64,-0.03,-0.5319,0.609,4827465,27226543.0,5336389080.0,4446990900.0
3253,2020-06-12,sh601002,晋亿实业,5.55,5.58,5.5,5.5,5.61,-0.06,-1.0695,0.5836,4626031,25648652.0,5279315400.0,4399429500.0
3254,2020-06-15,sh601002,晋亿实业,5.49,5.56,5.45,5.55,5.55,-0.06,-1.0811,0.6151,4875593,26867983.0,5222241720.0,4351868100.0
3255,2020-06-16,sh601002,晋亿实业,5.55,5.56,5.52,5.53,5.49,0.06,1.0929,0.4728,3747583,20779228.0,5279315400.0,4399429500.0
3256,2020-06-17,sh601002,晋亿实业,5.56,5.57,5.52,5.56,5.55,0.01,0.1802,0.5576,4420329,24495248.0,5288827680.0,4407356400.0
3257,2020-06-18,sh601002,晋亿实业,5.56,5.57,5.52,5.55,5.56,0.0,0.0,0.516,4090529,22671963.0,5288827680.0,4407356400.0
3258,2020-06-19,sh601002,晋亿实业,5.58,5.6,5.54,5.56,5.56,0.02,0.3597,0.5907,4682200,26083133.0,5307852240.0,4423210200.0
3259,2020-06-22,sh601002,晋亿实业,5.61,5.69,5.6,5.61,5.58,0.03,0.5376,0.789,6254694,35339215.0,5336389080.0,4446990900.0
3260,2020-06-23,sh601002,晋亿实业,5.53,5.61,5.51,5.61,5.61,-0.08,-1.426,0.7359,5833201,32281764.0,5260290840.0,4383575700.0
3261,2020-06-24,sh601002,晋亿实业,5.49,5.54,5.48,5.52,5.53,-0.04,-0.7233,0.5973,4734342,26028769.0,5222241720.0,4351868100.0
3262,2020-06-29,sh601002,晋亿实业,5.39,5.5,5.38,5.48,5.49,-0.1,-1.8215,0.6096,4832316,26184578.0,5127118920.0,4272599100.0
3263,2020-06-30,sh601002,晋亿实业,5.42,5.46,5.41,5.43,5.39,0.03,0.5566,0.5538,4389739,23844835.0,5155655760.0,4296379800.0
3264,2020-07-01,sh601002,晋亿实业,5.48,5.48,5.41,5.45,5.42,0.06,1.107,0.7568,5999021,32653803.0,5212729440.0,4343941200.0
3265,2020-07-02,sh601002,晋亿实业,5.57,5.57,5.46,5.47,5.48,0.09,1.6423,1.2676,10048141,55565139.0,5298339960.0,4415283300.0
3266,2020-07-03,sh601002,晋亿实业,5.64,5.68,5.56,5.57,5.57,0.07,1.2567,1.3173,10442001,58785705.0,5364925920.0,4470771600.0
3267,2020-07-06,sh601002,晋亿实业,5.87,5.88,5.65,5.66,5.64,0.23,4.078,2.3766,18838912,109226328.0,5583708360.0,4653090300.0
3268,2020-07-07,sh601002,晋亿实业,5.85,5.98,5.76,5.91,5.87,-0.02,-0.3407,2.4936,19766345,116293433.0,5564683800.0,4637236500.0
3269,2020-07-08,sh601002,晋亿实业,5.98,5.99,5.79,5.86,5.85,0.13,2.2222,2.2351,17717657,104825188.0,5688343440.0,4740286200.0
3270,2020-07-09,sh601002,晋亿实业,6.07,6.13,5.93,5.97,5.98,0.09,1.505,2.5957,20576101,123944439.0,5773953960.0,4811628300.0
3271,2020-07-10,sh601002,晋亿实业,5.91,6.07,5.91,6.02,6.07,-0.16,-2.6359,1.8604,14747391,88149592.0,5621757480.0,4684797900.0
3272,2020-07-13,sh601002,晋亿实业,6.11,6.13,5.89,5.91,5.91,0.2,3.3841,2.1279,16867632,101694203.0,5812003080.0,4843335900.0
3273,2020-07-14,sh601002,晋亿实业,6.09,6.18,5.98,6.09,6.11,-0.02,-0.3273,2.0228,16034871,97611403.0,5792978520.0,4827482100.0
3274,2020-07-15,sh601002,晋亿实业,5.95,6.14,5.9,6.09,6.09,-0.14,-2.2989,1.6918,13410670,80298960.0,5659806600.0,4716505500.0
3275,2020-07-16,sh601002,晋亿实业,5.8,6.01,5.71,5.95,5.95,-0.15,-2.521,1.3153,10426314,61272905.0,5517122400.0,4597602000.0
3276,2020-07-17,sh601002,晋亿实业,5.76,5.88,5.69,5.87,5.8,-0.04,-0.6897,1.0756,8525981,49313683.0,5479073280.0,4565894400.0
3277,2020-07-20,sh601002,晋亿实业,5.99,5.99,5.78,5.78,5.76,0.23,3.9931,1.4065,11149103,65941298.0,5697855720.0,4748213100.0
3278,2020-07-21,sh601002,晋亿实业,5.95,6.02,5.91,5.98,5.99,-0.04,-0.6678,0.958,7593745,45221211.0,5659806600.0,4716505500.0
3279,2020-07-22,sh601002,晋亿实业,5.92,6.04,5.91,5.95,5.95,-0.03,-0.5042,1.3298,10541395,62934258.0,5631269760.0,4692724800.0
3280,2020-07-23,sh601002,晋亿实业,5.82,5.9,5.66,5.89,5.92,-0.1,-1.6892,1.6824,13336287,76994690.0,5536146960.0,4613455800.0
3281,2020-07-24,sh601002,晋亿实业,5.61,5.87,5.61,5.77,5.82,-0.21,-3.6082,1.2453,9871402,56586147.0,5336389080.0,4446990900.0
3282,2020-07-27,sh601002,晋亿实业,5.59,5.66,5.51,5.62,5.61,-0.02,-0.3565,0.7917,6275598,34891677.0,5317364520.0,4431137100.0
3283,2020-07-28,sh601002,晋亿实业,5.63,5.66,5.6,5.6,5.59,0.04,0.7156,0.5893,4671371,26267328.0,5355413640.0,4462844700.0
3284,2020-07-29,sh601002,晋亿实业,5.7,5.71,5.56,5.61,5.63,0.07,1.2433,0.674,5342628,30220136.0,5421999600.0,4518333000.0
3285,2020-07-30,sh601002,晋亿实业,5.65,5.73,5.65,5.7,5.7,-0.05,-0.8772,0.6162,4884278,27745044.0,5374438200.0,4478698500.0
3286,2020-07-31,sh601002,晋亿实业,5.68,5.72,5.62,5.65,5.65,0.03,0.531,0.721,5715416,32383149.0,5402975040.0,4502479200.0
3287,2020-08-03,sh601002,晋亿实业,5.83,5.84,5.7,5.7,5.68,0.15,2.6408,1.1879,9416283,54467695.0,5545659240.0,4621382700.0
3288,2020-08-04,sh601002,晋亿实业,5.87,5.96,5.75,5.84,5.83,0.04,0.6861,1.8495,14660788,85760453.0,5583708360.0,4653090300.0
3289,2020-08-05,sh601002,晋亿实业,5.96,6.16,5.75,5.82,5.87,0.09,1.5332,2.3318,18483813,109711656.0,5669318880.0,4724432400.0
3290,2020-08-06,sh601002,晋亿实业,5.87,5.96,5.8,5.9,5.96,-0.09,-1.5101,1.4091,11169477,65557952.0,5583708360.0,4653090300.0
3291,2020-08-07,sh601002,晋亿实业,5.79,5.87,5.71,5.85,5.87,-0.08,-1.3629,1.1933,9459000,54724856.0,5507610120.0,4589675100.0
3292,2020-08-10,sh601002,晋亿实业,6.37,6.37,5.76,5.77,5.79,0.58,10.0173,5.8586,46440786,286568279.0,6059322360.0,5049435300.0
3293,2020-08-11,sh601002,晋亿实业,6.1,6.57,6.07,6.51,6.37,-0.27,-4.2386,6.5528,51943587,327704100.0,5802490800.0,4835409000.0
3294,2020-08-12,sh601002,晋亿实业,6.1,6.2,5.98,6.01,6.1,0.0,0.0,3.2199,25523558,155252646.0,5802490800.0,4835409000.0
3295,2020-08-13,sh601002,晋亿实业,6.22,6.6,6.21,6.29,6.1,0.12,1.9672,5.5978,44373313,283202257.0,5916638160.0,4930531800.0
3296,2020-08-14,sh601002,晋亿实业,6.34,6.48,6.16,6.16,6.22,0.12,1.9293,4.1552,32937622,209198018.0,6030785520.0,5025654600.0
3297,2020-08-17,sh601002,晋亿实业,6.27,6.37,6.15,6.3,6.34,-0.07,-1.1041,3.3073,26216349,163204181.0,5964199560.0,4970166300.0
3298,2020-08-18,sh601002,晋亿实业,6.32,6.33,6.18,6.23,6.27,0.05,0.7974,2.3628,18729641,116941014.0,6011760960.0,5009800800.0
3299,2020-08-19,sh601002,晋亿实业,6.27,6.43,6.18,6.28,6.32,-0.05,-0.7911,2.4994,19812778,124310427.0,5964199560.0,4970166300.0
3300,2020-08-20,sh601002,晋亿实业,6.11,6.26,6.07,6.2,6.27,-0.16,-2.5518,1.8088,14337804,88363010.0,5812003080.0,4843335900.0
3301,2020-08-21,sh601002,晋亿实业,6.13,6.18,6.04,6.15,6.11,0.02,0.3273,1.0831,8586005,52536356.0,5831027640.0,4859189700.0
3302,2020-08-24,sh601002,晋亿实业,6.13,6.19,6.06,6.15,6.13,0.0,0.0,0.9207,7298620,44759457.0,5831027640.0,4859189700.0
3303,2020-08-25,sh601002,晋亿实业,6.09,6.18,6.07,6.16,6.13,-0.04,-0.6525,0.8091,6413300,39161203.0,5792978520.0,4827482100.0
3304,2020-08-26,sh601002,晋亿实业,6.02,6.21,6.02,6.1,6.09,-0.07,-1.1494,1.3749,10898320,66615919.0,5726392560.0,4771993800.0
3305,2020-08-27,sh601002,晋亿实业,6.06,6.06,5.91,6.01,6.02,0.04,0.6645,0.9193,7286816,43654261.0,5764441680.0,4803701400.0
3306,2020-08-28,sh601002,晋亿实业,6.11,6.12,6.0,6.04,6.06,0.05,0.8251,0.7523,5963122,36212969.0,5812003080.0,4843335900.0
3307,2020-08-31,sh601002,晋亿实业,6.11,6.25,6.1,6.13,6.11,0.0,0.0,1.1196,8875110,54747520.0,5812003080.0,4843335900.0
3308,2020-09-01,sh601002,晋亿实业,6.13,6.14,6.0,6.08,6.11,0.02,0.3273,0.9062,7183690,43626684.0,5831027640.0,4859189700.0
3309,2020-09-02,sh601002,晋亿实业,6.07,6.16,6.01,6.13,6.13,-0.06,-0.9788,1.0936,8668956,52636390.0,5773953960.0,4811628300.0
3310,2020-09-03,sh601002,晋亿实业,6.02,6.1,5.99,6.05,6.07,-0.05,-0.8237,0.9157,7258568,43805968.0,5726392560.0,4771993800.0
3311,2020-09-04,sh601002,晋亿实业,6.03,6.04,5.9,5.92,6.02,0.01,0.1661,0.68,5389999,32243871.0,5735904840.0,4779920700.0
3312,2020-09-07,sh601002,晋亿实业,5.94,6.07,5.91,6.07,6.03,-0.09,-1.4925,0.7347,5824170,34950691.0,5650294320.0,4708578600.0
3313,2020-09-08,sh601002,晋亿实业,6.01,6.04,5.9,5.94,5.94,0.07,1.1785,0.7031,5573129,33286342.0,5716880280.0,4764066900.0
3314,2020-09-09,sh601002,晋亿实业,6.04,6.14,5.94,5.97,6.01,0.03,0.4992,1.2997,10302201,62562730.0,5745417120.0,4787847600.0
3315,2020-09-10,sh601002,晋亿实业,6.08,6.18,5.94,6.07,6.04,0.04,0.6623,1.8363,14556083,88379876.0,5783466240.0,4819555200.0
3316,2020-09-11,sh601002,晋亿实业,6.01,6.04,5.9,6.01,6.08,-0.07,-1.1513,1.0873,8619097,51439588.0,5716880280.0,4764066900.0
3317,2020-09-14,sh601002,晋亿实业,6.2,6.2,6.01,6.03,6.01,0.19,3.1614,1.8495,14660529,89743251.0,5897613600.0,4914678000.0
3318,2020-09-15,sh601002,晋亿实业,6.18,6.22,6.11,6.17,6.2,-0.02,-0.3226,1.1044,8754400,53851684.0,5878589040.0,4898824200.0
3319,2020-09-16,sh601002,晋亿实业,6.2,6.35,6.11,6.15,6.18,0.02,0.3236,2.106,16694067,103821738.0,5897613600.0,4914678000.0
3320,2020-09-17,sh601002,晋亿实业,6.27,6.29,6.12,6.16,6.2,0.07,1.129,1.6973,13454196,83910726.0,5964199560.0,4970166300.0
3321,2020-09-18,sh601002,晋亿实业,6.26,6.31,6.15,6.31,6.27,-0.01,-0.1595,1.4888,11801579,73658864.0,5954687280.0,4962239400.0
3322,2020-09-21,sh601002,晋亿实业,6.19,6.24,6.14,6.23,6.26,-0.07,-1.1182,1.1749,9313696,57571962.0,5888101320.0,4906751100.0
3323,2020-09-22,sh601002,晋亿实业,6.0,6.15,5.94,6.13,6.19,-0.19,-3.0695,1.4854,11774481,71026340.0,5707368000.0,4756140000.0
3324,2020-09-23,sh601002,晋亿实业,5.98,6.04,5.95,6.03,6.0,-0.02,-0.3333,0.5268,4175801,25043693.0,5688343440.0,4740286200.0
3325,2020-09-24,sh601002,晋亿实业,5.8,5.97,5.76,5.95,5.98,-0.18,-3.01,1.1169,8853666,51774254.0,5517122400.0,4597602000.0
3326,2020-09-25,sh601002,晋亿实业,5.76,5.83,5.73,5.81,5.8,-0.04,-0.6897,0.5522,4377300,25264867.0,5479073280.0,4565894400.0
3327,2020-09-28,sh601002,晋亿实业,5.68,5.79,5.63,5.77,5.76,-0.08,-1.3889,0.5453,4322601,24655010.0,5402975040.0,4502479200.0
3328,2020-09-29,sh601002,晋亿实业,5.69,5.73,5.67,5.72,5.68,0.01,0.1761,0.3624,2872924,16388982.0,5412487320.0,4510406100.0
3329,2020-09-30,sh601002,晋亿实业,5.61,5.72,5.58,5.71,5.69,-0.08,-1.406,0.5401,4281200,24143931.0,5336389080.0,4446990900.0
3330,2020-10-09,sh601002,晋亿实业,5.72,5.76,5.68,5.7,5.61,0.11,1.9608,0.4194,3324300,19005437.0,5441024160.0,4534186800.0
3331,2020-10-12,sh601002,晋亿实业,5.84,5.84,5.73,5.74,5.72,0.12,2.0979,0.6279,4977103,28891955.0,5555171520.0,4629309600.0
3332,2020-10-13,sh601002,晋亿实业,5.81,5.83,5.79,5.83,5.84,-0.03,-0.5137,0.3399,2694402,15652625.0,5526634680.0,4605528900.0
3333,2020-10-14,sh601002,晋亿实业,5.74,5.82,5.72,5.81,5.81,-0.07,-1.2048,0.4209,3336493,19215344.0,5460048720.0,4550040600.0
3334,2020-10-15,sh601002,晋亿实业,5.66,5.75,5.66,5.74,5.74,-0.08,-1.3937,0.5483,4345971,24708868.0,5383950480.0,4486625400.0
3335,2020-10-16,sh601002,晋亿实业,5.67,5.69,5.62,5.66,5.66,0.01,0.1767,0.3761,2981227,16874814.0,5393462760.0,4494552300.0
3336,2020-10-19,sh601002,晋亿实业,5.65,5.72,5.63,5.67,5.67,-0.02,-0.3527,0.3767,2986200,16953960.0,5374438200.0,4478698500.0
3337,2020-10-20,sh601002,晋亿实业,5.65,5.66,5.58,5.62,5.65,0.0,0.0,0.4006,3175900,17837582.0,5374438200.0,4478698500.0
3338,2020-10-21,sh601002,晋亿实业,5.6,5.67,5.59,5.66,5.65,-0.05,-0.885,0.3401,2695608,15117178.0,5326876800.0,4439064000.0
3339,2020-10-22,sh601002,晋亿实业,5.61,5.63,5.54,5.59,5.6,0.01,0.1786,0.3599,2852795,15929498.0,5336389080.0,4446990900.0
3340,2020-10-23,sh601002,晋亿实业,5.56,5.65,5.55,5.62,5.61,-0.05,-0.8913,0.3094,2452781,13736554.0,5288827680.0,4407356400.0
3341,2020-10-26,sh601002,晋亿实业,5.51,5.57,5.48,5.57,5.56,-0.05,-0.8993,0.4525,3586900,19789167.0,5241266280.0,4367721900.0
3342,2020-10-27,sh601002,晋亿实业,5.46,5.5,5.42,5.45,5.51,-0.05,-0.9074,0.444,3519672,19198932.0,5193704880.0,4328087400.0
3343,2020-10-28,sh601002,晋亿实业,5.49,5.49,5.4,5.46,5.46,0.03,0.5495,0.393,3115111,16956037.0,5222241720.0,4351868100.0
3344,2020-10-29,sh601002,晋亿实业,5.35,5.45,5.34,5.4,5.49,-0.14,-2.5501,0.6966,5521837,29833233.0,5089069800.0,4240891500.0
3345,2020-10-30,sh601002,晋亿实业,5.13,5.37,5.08,5.36,5.35,-0.22,-4.1121,1.2761,10115547,52618936.0,4879799640.0,4066499700.0
3346,2020-11-02,sh601002,晋亿实业,4.94,5.16,4.87,5.1,5.13,-0.19,-3.7037,1.5754,13383026,66319308.0,4699066320.0,4196598073.2
3347,2020-11-03,sh601002,晋亿实业,5.0,5.04,4.9,4.95,4.94,0.06,1.2146,1.2076,10258569,51142076.0,4756140000.0,4247568900.0
3348,2020-11-04,sh601002,晋亿实业,5.0,5.04,4.95,5.02,5.0,0.0,0.0,0.5041,4282703,21407125.0,4756140000.0,4247568900.0
3349,2020-11-05,sh601002,晋亿实业,5.07,5.08,5.0,5.0,5.0,0.07,1.4,0.7357,6250272,31515095.0,4822725960.0,4307034864.6
3350,2020-11-06,sh601002,晋亿实业,5.02,5.06,5.0,5.06,5.07,-0.05,-0.9862,0.4661,3959820,19907544.0,4775164560.0,4264559175.6
3351,2020-11-09,sh601002,晋亿实业,5.1,5.13,5.04,5.04,5.02,0.08,1.5936,0.8932,7587444,38595479.0,4851262800.0,4332520278.0
3352,2020-11-10,sh601002,晋亿实业,5.1,5.17,5.07,5.11,5.1,0.0,0.0,0.7458,6335450,32433031.0,4851262800.0,4332520278.0
3353,2020-11-11,sh601002,晋亿实业,5.17,5.28,5.09,5.15,5.1,0.07,1.3725,1.201,10202643,52809274.0,4917848760.0,4391986242.6
3354,2020-11-12,sh601002,晋亿实业,5.11,5.17,5.07,5.17,5.17,-0.06,-1.1605,0.5555,4719009,24101734.0,4860775080.0,4341015415.8
3355,2020-11-13,sh601002,晋亿实业,5.06,5.11,5.02,5.08,5.11,-0.05,-0.9785,0.5264,4471894,22593555.0,4813213680.0,4298539726.8
3356,2020-11-16,sh601002,晋亿实业,5.12,5.12,5.04,5.06,5.06,0.06,1.1858,0.7335,6231304,31669688.0,4870287360.0,4349510553.6
3357,2020-11-17,sh601002,晋亿实业,5.12,5.15,5.05,5.12,5.12,0.0,0.0,0.7067,6003300,30565599.0,4870287360.0,4349510553.6
3358,2020-11-18,sh601002,晋亿实业,5.13,5.18,5.06,5.09,5.12,0.01,0.1953,0.7551,6414714,32854517.0,4879799640.0,4358005691.4
3359,2020-11-19,sh601002,晋亿实业,5.09,5.16,5.05,5.1,5.13,-0.04,-0.7797,0.8838,7507934,38251984.0,4841750520.0,4324025140.2
3360,2020-11-20,sh601002,晋亿实业,5.06,5.09,5.0,5.08,5.09,-0.03,-0.5894,0.9774,8302768,41871156.0,4813213680.0,4298539726.8
3361,2020-11-23,sh601002,晋亿实业,5.15,5.16,5.03,5.07,5.06,0.09,1.7787,1.8644,15838726,81076012.0,4898824200.0,4374995967.0
3362,2020-11-24,sh601002,晋亿实业,5.15,5.18,5.11,5.14,5.15,0.0,0.0,0.941,7994289,41128161.0,4898824200.0,4374995967.0
3363,2020-11-25,sh601002,晋亿实业,5.14,5.31,5.14,5.18,5.15,-0.01,-0.1942,2.0019,17006137,88779964.0,4889311920.0,4366500829.2
3364,2020-11-26,sh601002,晋亿实业,5.1,5.16,5.07,5.15,5.14,-0.04,-0.7782,0.8858,7525368,38464577.0,4851262800.0,4332520278.0
3365,2020-11-27,sh601002,晋亿实业,5.13,5.14,5.05,5.1,5.1,0.03,0.5882,0.6915,5874500,29936502.0,4879799640.0,4358005691.4
3366,2020-11-30,sh601002,晋亿实业,5.16,5.23,5.11,5.11,5.13,0.03,0.5848,1.1455,9731200,50439219.0,4908336480.0,4383491104.8
3367,2020-12-01,sh601002,晋亿实业,5.21,5.21,5.11,5.16,5.16,0.05,0.969,0.8698,7388672,38308084.0,4955897880.0,4425966793.8
3368,2020-12-02,sh601002,晋亿实业,5.38,5.39,5.2,5.21,5.21,0.17,3.263,2.0711,17594214,93166925.0,5117606640.0,4570384136.4
3369,2020-12-03,sh601002,晋亿实业,5.28,5.32,5.24,5.3,5.38,-0.1,-1.8587,1.314,11162225,58828069.0,5022483840.0,4485432758.4
3370,2020-12-04,sh601002,晋亿实业,5.27,5.29,5.22,5.29,5.28,-0.01,-0.1894,0.7315,6213840,32652294.0,5012971560.0,4476937620.6
3371,2020-12-07,sh601002,晋亿实业,5.22,5.32,5.21,5.27,5.27,-0.05,-0.9488,0.6575,5585412,29322211.0,4965410160.0,4434461931.6
3372,2020-12-08,sh601002,晋亿实业,5.21,5.24,5.16,5.19,5.22,-0.01,-0.1916,0.5097,4329659,22508862.0,4955897880.0,4425966793.8
3373,2020-12-09,sh601002,晋亿实业,5.05,5.21,5.05,5.21,5.21,-0.16,-3.071,0.8673,7367501,37710314.0,4803701400.0,4290044589.0
3374,2020-12-10,sh601002,晋亿实业,5.03,5.08,5.02,5.06,5.05,-0.02,-0.396,0.6401,5438110,27438268.0,4784676840.0,4273054313.4
3375,2020-12-11,sh601002,晋亿实业,4.96,5.05,4.91,5.04,5.03,-0.07,-1.3917,0.8023,6815612,33782391.0,4718090880.0,4213588348.8
3376,2020-12-14,sh601002,晋亿实业,4.97,5.01,4.93,4.96,4.96,0.01,0.2016,0.5274,4479993,22255094.0,4727603160.0,4222083486.6
3377,2020-12-15,sh601002,晋亿实业,4.98,4.99,4.92,4.97,4.97,0.01,0.2012,0.4876,4141813,20529495.0,4737115440.0,4230578624.4
3378,2020-12-16,sh601002,晋亿实业,4.92,4.99,4.91,4.99,4.98,-0.06,-1.2048,0.5812,4937300,24371199.0,4680041760.0,4179607797.6
3379,2020-12-17,sh601002,晋亿实业,4.93,4.93,4.8,4.91,4.92,0.01,0.2033,1.0051,8538049,41483003.0,4689554040.0,4188102935.4
3380,2020-12-18,sh601002,晋亿实业,4.97,5.05,4.9,4.91,4.93,0.04,0.8114,0.7784,6612373,32926533.0,4727603160.0,4222083486.6
3381,2020-12-21,sh601002,晋亿实业,5.03,5.08,4.9,4.93,4.97,0.06,1.2072,0.7512,6381900,31817519.0,4784676840.0,4273054313.4
3382,2020-12-22,sh601002,晋亿实业,4.93,5.01,4.91,4.97,5.03,-0.1,-1.9881,0.7732,6568830,32595161.0,4689554040.0,4188102935.4
3383,2020-12-23,sh601002,晋亿实业,4.94,4.99,4.9,4.93,4.93,0.01,0.2028,0.4828,4101096,20284311.0,4699066320.0,4196598073.2
3384,2020-12-24,sh601002,晋亿实业,4.98,5.05,4.9,4.95,4.94,0.04,0.8097,1.0259,8715282,43497442.0,4737115440.0,4230578624.4
3385,2020-12-25,sh601002,晋亿实业,5.02,5.04,4.94,4.94,4.98,0.04,0.8032,0.6599,5606115,28077107.0,4775164560.0,4264559175.6
3386,2020-12-28,sh601002,晋亿实业,5.11,5.14,4.95,5.0,5.02,0.09,1.7928,1.1769,9997590,50612004.0,4860775080.0,4341015415.8
3387,2020-12-29,sh601002,晋亿实业,5.16,5.27,5.05,5.09,5.11,0.05,0.9785,1.4194,12057719,62048620.0,4908336480.0,4383491104.8
3388,2020-12-30,sh601002,晋亿实业,5.1,5.16,5.08,5.1,5.16,-0.06,-1.1628,0.7983,6781565,34667924.0,4851262800.0,4332520278.0
3389,2020-12-31,sh601002,晋亿实业,5.09,5.13,5.06,5.1,5.1,-0.01,-0.1961,0.7788,6616036,33661021.0,4841750520.0,4324025140.2
3390,2021-01-04,sh601002,晋亿实业,5.14,5.2,5.03,5.09,5.09,0.05,0.9823,1.1519,9785785,50153651.0,4889311920.0,4366500829.2
3391,2021-01-05,sh601002,晋亿实业,5.27,5.57,5.04,5.1,5.14,0.13,2.5292,2.9936,25431370,135148613.0,5012971560.0,4476937620.6
3392,2021-01-06,sh601002,晋亿实业,5.39,5.53,5.15,5.17,5.27,0.12,2.277,3.0849,26206261,139905702.0,5127118920.0,4578879274.2
3393,2021-01-07,sh601002,晋亿实业,5.19,5.41,5.14,5.29,5.39,-0.2,-3.7106,2.0098,17073169,89551292.0,4936873320.0,4408976518.2
3394,2021-01-08,sh601002,晋亿实业,5.13,5.17,5.06,5.12,5.19,-0.06,-1.1561,0.8762,7443197,38120566.0,4879799640.0,4358005691.4
3395,2021-01-11,sh601002,晋亿实业,5.15,5.25,5.1,5.1,5.13,0.02,0.3899,1.3805,11727814,60653729.0,4898824200.0,4374995967.0
3396,2021-01-12,sh601002,晋亿实业,5.2,5.25,5.09,5.1,5.15,0.05,0.9709,1.0769,9148562,47426279.0,4946385600.0,4417471656.0
3397,2021-01-13,sh601002,晋亿实业,5.22,5.33,5.03,5.17,5.2,0.02,0.3846,2.0574,17477645,90719746.0,4965410160.0,4434461931.6
3398,2021-01-14,sh601002,晋亿实业,5.39,5.56,5.1,5.1,5.22,0.17,3.2567,3.7844,32149259,174162132.0,5127118920.0,4578879274.2
3399,2021-01-15,sh601002,晋亿实业,5.27,5.35,5.23,5.35,5.39,-0.12,-2.2263,1.5385,13069764,68969311.0,5012971560.0,4476937620.6
3400,2021-01-18,sh601002,晋亿实业,5.38,5.4,5.22,5.27,5.27,0.11,2.0873,1.5157,12875994,68602732.0,5117606640.0,4570384136.4
3401,2021-01-19,sh601002,晋亿实业,5.31,5.38,5.27,5.33,5.38,-0.07,-1.3011,1.2312,10458825,55559244.0,5051020680.0,4510918171.8
3402,2021-01-20,sh601002,晋亿实业,5.48,5.66,5.25,5.29,5.31,0.17,3.2015,3.7396,31768331,174311011.0,5212729440.0,4655335514.4
3403,2021-01-21,sh601002,晋亿实业,5.44,5.5,5.39,5.41,5.48,-0.04,-0.7299,2.7615,23458955,127294939.0,5174680320.0,4621354963.2
3404,2021-01-22,sh601002,晋亿实业,5.48,5.52,5.33,5.45,5.44,0.04,0.7353,2.3411,19887866,108053146.0,5212729440.0,4655335514.4
3405,2021-01-25,sh601002,晋亿实业,5.48,5.52,5.38,5.44,5.48,0.0,0.0,1.7488,14856401,80808932.0,5212729440.0,4655335514.4
3406,2021-01-26,sh601002,晋亿实业,5.19,5.45,5.18,5.44,5.48,-0.29,-5.292,2.0139,17108470,90589960.0,4936873320.0,4408976518.2
3407,2021-01-27,sh601002,晋亿实业,5.18,5.27,5.11,5.22,5.19,-0.01,-0.1927,1.0655,9051740,46984964.0,4927361040.0,4400481380.4
3408,2021-01-28,sh601002,晋亿实业,5.02,5.17,5.01,5.12,5.18,-0.16,-3.0888,1.1438,9716384,49285115.0,4775164560.0,4264559175.6
3409,2021-01-29,sh601002,晋亿实业,4.97,5.07,4.93,5.04,5.02,-0.05,-0.996,0.8598,7304442,36317594.0,4727603160.0,4222083486.6
3410,2021-02-01,sh601002,晋亿实业,5.14,5.14,5.05,5.05,4.97,0.17,3.4205,0.8982,7630111,38896877.0,4889311920.0,4366500829.2
3411,2021-02-02,sh601002,晋亿实业,5.12,5.19,5.09,5.09,5.14,-0.02,-0.3891,0.5884,4998211,25726751.0,4870287360.0,4349510553.6
3412,2021-02-03,sh601002,晋亿实业,4.95,5.16,4.95,5.14,5.12,-0.17,-3.3203,1.1291,9591680,48122450.0,4708578600.0,4205093211.0
3413,2021-02-04,sh601002,晋亿实业,4.78,4.95,4.72,4.95,4.95,-0.17,-3.4343,1.2648,10744382,51594636.0,4546869840.0,4060675868.4
3414,2021-02-05,sh601002,晋亿实业,4.79,4.85,4.76,4.77,4.78,0.01,0.2092,0.8844,7513379,36087953.0,4556382120.0,4069171006.2
3415,2021-02-08,sh601002,晋亿实业,4.8,4.85,4.77,4.79,4.79,0.01,0.2088,0.7442,6322058,30399985.0,4565894400.0,4077666144.0
3416,2021-02-09,sh601002,晋亿实业,4.85,4.86,4.8,4.81,4.8,0.05,1.0417,0.9057,7694390,37223488.0,4613455800.0,4120141833.0
3417,2021-02-10,sh601002,晋亿实业,4.83,4.87,4.8,4.83,4.85,-0.02,-0.4124,0.8456,7183563,34694485.0,4594431240.0,4103151557.4
3418,2021-02-18,sh601002,晋亿实业,4.91,4.93,4.86,4.86,4.83,0.08,1.6563,1.0697,9087633,44559780.0,4670529480.0,4171112659.8
3419,2021-02-19,sh601002,晋亿实业,5.08,5.13,4.88,4.91,4.91,0.17,3.4623,1.6376,13911552,69835243.0,4832238240.0,4315530002.4
3420,2021-02-22,sh601002,晋亿实业,5.15,5.25,5.07,5.08,5.08,0.07,1.378,2.1271,18069681,93464187.0,4898824200.0,4374995967.0
3421,2021-02-23,sh601002,晋亿实业,5.1,5.2,5.08,5.11,5.15,-0.05,-0.9709,1.2724,10809604,55506491.0,4851262800.0,4332520278.0
3422,2021-02-24,sh601002,晋亿实业,5.19,5.25,5.08,5.11,5.1,0.09,1.7647,1.6337,13878904,71662916.0,4936873320.0,4408976518.2
3423,2021-02-25,sh601002,晋亿实业,5.15,5.26,5.13,5.25,5.19,-0.04,-0.7707,1.3504,11471712,59495872.0,4898824200.0,4374995967.0
3424,2021-02-26,sh601002,晋亿实业,5.13,5.18,5.05,5.09,5.15,-0.02,-0.3883,0.8773,7452910,38249409.0,4879799640.0,4358005691.4
3425,2021-03-01,sh601002,晋亿实业,5.25,5.25,5.14,5.17,5.13,0.12,2.3392,1.5878,13488699,70248017.0,4993947000.0,4459947345.0
3426,2021-03-02,sh601002,晋亿实业,5.19,5.25,5.13,5.23,5.25,-0.06,-1.1429,0.922,7832131,40643810.0,4936873320.0,4408976518.2
3427,2021-03-03,sh601002,晋亿实业,5.26,5.28,5.19,5.2,5.19,0.07,1.3487,1.1736,9970165,52300317.0,5003459280.0,4468442482.8
3428,2021-03-04,sh601002,晋亿实业,5.22,5.29,5.2,5.26,5.26,-0.04,-0.7605,1.0307,8756134,45907088.0,4965410160.0,4434461931.6
3429,2021-03-05,sh601002,晋亿实业,5.27,5.29,5.18,5.19,5.22,0.05,0.9579,1.1785,10011274,52486767.0,5012971560.0,4476937620.6
3430,2021-03-08,sh601002,晋亿实业,5.23,5.32,5.23,5.27,5.27,-0.04,-0.759,1.049,8911797,47043165.0,4974922440.0,4442957069.4
3431,2021-03-09,sh601002,晋亿实业,5.15,5.26,5.04,5.23,5.23,-0.08,-1.5296,1.317,11187837,57631695.0,4898824200.0,4374995967.0
3432,2021-03-10,sh601002,晋亿实业,4.99,5.17,4.98,5.14,5.15,-0.16,-3.1068,0.9386,7973638,40402284.0,4746627720.0,4239073762.2
3433,2021-03-11,sh601002,晋亿实业,5.09,5.11,4.98,4.98,4.99,0.1,2.004,0.7528,6395131,32335130.0,4841750520.0,4324025140.2
3434,2021-03-12,sh601002,晋亿实业,5.12,5.16,5.03,5.1,5.09,0.03,0.5894,0.8742,7426715,37953579.0,4870287360.0,4349510553.6
3435,2021-03-15,sh601002,晋亿实业,5.21,5.25,5.11,5.12,5.12,0.09,1.7578,1.383,11748402,60979905.0,4955897880.0,4425966793.8
3436,2021-03-16,sh601002,晋亿实业,5.26,5.27,5.18,5.22,5.21,0.05,0.9597,0.9277,7880650,41253866.0,5003459280.0,4468442482.8
3437,2021-03-17,sh601002,晋亿实业,5.23,5.31,5.18,5.31,5.26,-0.03,-0.5703,0.6211,5276459,27561685.0,4974922440.0,4442957069.4
3438,2021-03-18,sh601002,晋亿实业,5.22,5.26,5.18,5.2,5.23,-0.01,-0.1912,0.7225,6138124,32044182.0,4965410160.0,4434461931.6
3439,2021-03-19,sh601002,晋亿实业,5.25,5.29,5.16,5.2,5.22,0.03,0.5747,1.1447,9724130,50923386.0,4993947000.0,4459947345.0
3440,2021-03-22,sh601002,晋亿实业,5.29,5.31,5.23,5.27,5.25,0.04,0.7619,0.9978,8476178,44743877.0,5031996120.0,4493927896.2
3441,2021-03-23,sh601002,晋亿实业,5.32,5.32,5.21,5.3,5.29,0.03,0.5671,1.2863,10927578,57472745.0,5060532960.0,4519413309.6
3442,2021-03-24,sh601002,晋亿实业,5.25,5.38,5.23,5.28,5.32,-0.07,-1.3158,1.4706,12493318,66276993.0,4993947000.0,4459947345.0
3443,2021-03-25,sh601002,晋亿实业,5.17,5.26,5.16,5.16,5.25,-0.08,-1.5238,0.8675,7369363,38287246.0,4917848760.0,4391986242.6
3444,2021-03-26,sh601002,晋亿实业,5.18,5.22,5.16,5.16,5.17,0.01,0.1934,0.824,6999961,36319658.0,4927361040.0,4400481380.4
3445,2021-03-29,sh601002,晋亿实业,5.28,5.28,5.19,5.19,5.18,0.1,1.9305,0.9719,8256501,43346112.0,5022483840.0,4485432758.4
3446,2021-03-30,sh601002,晋亿实业,5.26,5.29,5.19,5.29,5.28,-0.02,-0.3788,0.9536,8100800,42452107.0,5003459280.0,4468442482.8
3447,2021-03-31,sh601002,晋亿实业,5.34,5.37,5.24,5.25,5.26,0.08,1.5209,1.6441,13966743,74435698.0,5079557520.0,4536403585.2
3448,2021-04-01,sh601002,晋亿实业,5.33,5.41,5.31,5.35,5.34,-0.01,-0.1873,1.0923,9279537,49586586.0,5070045240.0,4527908447.4
3449,2021-04-02,sh601002,晋亿实业,5.25,5.34,5.22,5.34,5.33,-0.08,-1.5009,0.8775,7454248,39206334.0,4993947000.0,4459947345.0
3450,2021-04-06,sh601002,晋亿实业,5.31,5.31,5.22,5.26,5.25,0.06,1.1429,0.8887,7549801,39802606.0,5051020680.0,4510918171.8
3451,2021-04-07,sh601002,晋亿实业,5.33,5.34,5.25,5.31,5.31,0.02,0.3766,0.903,7671306,40684416.0,5070045240.0,4527908447.4
3452,2021-04-08,sh601002,晋亿实业,5.29,5.35,5.27,5.31,5.33,-0.04,-0.7505,1.0667,9062101,48202144.0,5031996120.0,4493927896.2
3453,2021-04-09,sh601002,晋亿实业,5.28,5.32,5.25,5.27,5.29,-0.01,-0.189,0.5617,4771303,25239223.0,5022483840.0,4485432758.4
3454,2021-04-12,sh601002,晋亿实业,5.17,5.3,5.17,5.3,5.28,-0.11,-2.0833,1.138,9667564,50630277.0,4917848760.0,4391986242.6
3455,2021-04-13,sh601002,晋亿实业,5.08,5.2,5.04,5.18,5.17,-0.09,-1.7408,1.0066,8551032,43628095.0,4832238240.0,4315530002.4
3456,2021-04-14,sh601002,晋亿实业,5.09,5.11,5.06,5.08,5.08,0.01,0.1969,0.6932,5888615,29918966.0,4841750520.0,4324025140.2
3457,2021-04-15,sh601002,晋亿实业,5.14,5.2,5.08,5.08,5.09,0.05,0.9823,0.8308,7057701,36298759.0,4889311920.0,4366500829.2
3458,2021-04-16,sh601002,晋亿实业,5.23,5.23,5.13,5.14,5.14,0.09,1.751,0.6858,5825751,30240725.0,4974922440.0,4442957069.4
3459,2021-04-19,sh601002,晋亿实业,5.28,5.3,5.22,5.24,5.23,0.05,0.956,1.025,8707729,45885123.0,5022483840.0,4485432758.4
3460,2021-04-20,sh601002,晋亿实业,5.32,5.44,5.31,5.31,5.28,0.04,0.7576,3.4967,29705083,159669586.0,5060532960.0,4519413309.6
3461,2021-04-21,sh601002,晋亿实业,5.32,5.43,5.31,5.31,5.32,0.0,0.0,1.744,14815587,79480429.0,5060532960.0,4519413309.6
3462,2021-04-22,sh601002,晋亿实业,5.36,5.45,5.32,5.36,5.32,0.04,0.7519,1.3753,11683179,62958615.0,5098582080.0,4553393860.8
3463,2021-04-23,sh601002,晋亿实业,5.35,5.38,5.26,5.36,5.36,-0.01,-0.1866,0.9021,7663300,40788340.0,5089069800.0,4544898723.0
3464,2021-04-26,sh601002,晋亿实业,5.25,5.39,5.24,5.32,5.35,-0.1,-1.8692,1.0387,8823499,46894079.0,4993947000.0,4459947345.0
3465,2021-04-27,sh601002,晋亿实业,5.27,5.29,5.15,5.21,5.25,0.02,0.381,1.1402,9686519,50442810.0,5012971560.0,4476937620.6
3466,2021-04-28,sh601002,晋亿实业,4.92,5.26,4.86,5.23,5.27,-0.35,-6.6414,4.0477,34385869,169562043.0,4680041760.0,4179607797.6
3467,2021-04-29,sh601002,晋亿实业,4.88,4.95,4.84,4.92,4.92,-0.04,-0.813,2.1505,18268404,89246970.0,4641992640.0,4145627246.4
3468,2021-04-30,sh601002,晋亿实业,4.83,4.88,4.8,4.85,4.88,-0.05,-1.0246,1.3026,11065834,53539481.0,4633332060.0,4103151557.4
3469,2021-05-06,sh601002,晋亿实业,4.86,4.87,4.8,4.82,4.83,0.03,0.6211,1.1653,9899067,47824993.0,4662110520.0,4128636970.8
3470,2021-05-07,sh601002,晋亿实业,4.84,4.88,4.82,4.85,4.86,-0.02,-0.4115,0.8794,7471009,36250202.0,4642924880.0,4111646695.2
3471,2021-05-10,sh601002,晋亿实业,4.89,4.91,4.82,4.84,4.84,0.05,1.0331,1.124,9548874,46501664.0,4690888980.0,4154122384.2
3472,2021-05-11,sh601002,晋亿实业,4.89,4.89,4.82,4.87,4.89,0.0,0.0,0.8211,6975642,33884825.0,4690888980.0,4154122384.2
3473,2021-05-12,sh601002,晋亿实业,4.9,4.9,4.85,4.86,4.89,0.01,0.2045,0.7503,6373509,31093328.0,4700481800.0,4162617522.0
3474,2021-05-13,sh601002,晋亿实业,4.89,4.94,4.86,4.88,4.9,-0.01,-0.2041,1.088,9242741,45346047.0,4690888980.0,4154122384.2
3475,2021-05-14,sh601002,晋亿实业,4.93,4.94,4.87,4.88,4.89,0.04,0.818,1.0101,8581300,42186908.0,4729260260.0,4188102935.4
3476,2021-05-17,sh601002,晋亿实业,4.88,4.95,4.87,4.93,4.93,-0.05,-1.0142,0.8711,7399963,36282878.0,4681296160.0,4145627246.4
3477,2021-05-18,sh601002,晋亿实业,4.9,4.92,4.83,4.88,4.88,0.02,0.4098,0.6433,5464853,26616684.0,4700481800.0,4162617522.0
3478,2021-05-19,sh601002,晋亿实业,4.86,4.89,4.83,4.88,4.9,-0.04,-0.8163,0.8182,6951050,33713242.0,4662110520.0,4128636970.8
3479,2021-05-20,sh601002,晋亿实业,4.83,4.86,4.81,4.85,4.86,-0.03,-0.6173,0.5534,4701150,22699801.0,4633332060.0,4103151557.4
3480,2021-05-21,sh601002,晋亿实业,4.85,4.88,4.82,4.83,4.83,0.02,0.4141,0.6472,5498126,26680079.0,4652517700.0,4120141833.0
3481,2021-05-24,sh601002,晋亿实业,4.87,4.87,4.82,4.85,4.85,0.02,0.4124,0.5768,4899681,23784718.0,4671703340.0,4137132108.6
3482,2021-05-25,sh601002,晋亿实业,4.89,4.9,4.84,4.87,4.87,0.02,0.4107,0.7924,6731577,32787001.0,4690888980.0,4154122384.2
3483,2021-05-26,sh601002,晋亿实业,4.9,4.93,4.87,4.88,4.89,0.01,0.2045,0.7624,6477042,31792057.0,4700481800.0,4162617522.0
3484,2021-05-27,sh601002,晋亿实业,4.9,4.92,4.89,4.89,4.9,0.0,0.0,0.5972,5073301,24862272.0,4700481800.0,4162617522.0
3485,2021-05-28,sh601002,晋亿实业,4.87,4.91,4.84,4.91,4.9,-0.03,-0.6122,0.7323,6221033,30347123.0,4671703340.0,4137132108.6
3486,2021-05-31,sh601002,晋亿实业,4.88,4.89,4.85,4.86,4.87,0.01,0.2053,0.5651,4800534,23384989.0,4681296160.0,4145627246.4
3487,2021-06-01,sh601002,晋亿实业,4.91,4.93,4.85,4.88,4.88,0.03,0.6148,0.844,7170284,35096816.0,4710074620.0,4171112659.8
3488,2021-06-02,sh601002,晋亿实业,4.9,4.91,4.88,4.9,4.91,-0.01,-0.2037,0.7156,6078883,29756554.0,4700481800.0,4162617522.0
3489,2021-06-03,sh601002,晋亿实业,4.9,4.91,4.87,4.89,4.9,0.0,0.0,0.6352,5396356,26421992.0,4700481800.0,4162617522.0
3490,2021-06-04,sh601002,晋亿实业,4.86,4.89,4.85,4.89,4.9,-0.04,-0.8163,0.6293,5345809,26009301.0,4662110520.0,4128636970.8
3491,2021-06-07,sh601002,晋亿实业,4.87,4.88,4.85,4.85,4.86,0.01,0.2058,0.5466,4643411,22593046.0,4671703340.0,4137132108.6
3492,2021-06-08,sh601002,晋亿实业,4.87,4.88,4.84,4.86,4.87,0.0,0.0,0.4951,4205904,20429930.0,4671703340.0,4137132108.6
3493,2021-06-09,sh601002,晋亿实业,4.88,4.89,4.86,4.87,4.87,0.01,0.2053,0.4921,4180692,20395416.0,4681296160.0,4145627246.4
3494,2021-06-10,sh601002,晋亿实业,4.9,4.92,4.87,4.87,4.88,0.02,0.4098,0.7515,6384290,31293200.0,4700481800.0,4162617522.0
3495,2021-06-11,sh601002,晋亿实业,4.94,4.94,4.89,4.9,4.9,0.04,0.8163,1.0513,8930833,44000835.0,4738853080.0,4196598073.2
3496,2021-06-15,sh601002,晋亿实业,4.88,4.97,4.88,4.94,4.94,-0.06,-1.2146,0.8426,7157883,35150252.0,4681296160.0,4145627246.4
3497,2021-06-16,sh601002,晋亿实业,4.93,4.95,4.86,4.86,4.88,0.05,1.0246,0.9346,7939200,38998025.0,4729260260.0,4188102935.4
3498,2021-06-17,sh601002,晋亿实业,4.87,4.93,4.86,4.9,4.93,-0.06,-1.217,0.7211,6125823,29936347.0,4671703340.0,4137132108.6
3499,2021-06-18,sh601002,晋亿实业,4.87,4.89,4.84,4.86,4.87,0.0,0.0,0.5813,4938300,24020570.0,4671703340.0,4137132108.6
3500,2021-06-21,sh601002,晋亿实业,4.88,4.88,4.84,4.86,4.87,0.01,0.2053,0.6533,5549977,26975579.0,4681296160.0,4145627246.4
3501,2021-06-22,sh601002,晋亿实业,4.92,4.92,4.86,4.88,4.88,0.04,0.8197,0.8916,7573969,37150549.0,4719667440.0,4179607797.6
3502,2021-06-23,sh601002,晋亿实业,4.9,4.91,4.88,4.91,4.92,-0.02,-0.4065,0.5372,4563301,22356912.0,4700481800.0,4162617522.0
3503,2021-06-24,sh601002,晋亿实业,4.93,4.94,4.9,4.92,4.9,0.03,0.6122,0.8822,7494802,36922159.0,4729260260.0,4188102935.4
3504,2021-06-25,sh601002,晋亿实业,4.98,5.01,4.92,4.93,4.93,0.05,1.0142,1.3394,11378240,56663598.0,4777224360.0,4230578624.4
3505,2021-06-28,sh601002,晋亿实业,5.0,5.08,4.99,5.03,4.98,0.02,0.4016,1.2628,10727789,54041326.0,4796410000.0,4247568900.0
3506,2021-06-29,sh601002,晋亿实业,4.91,5.01,4.9,5.01,5.0,-0.09,-1.8,0.9929,8435106,41564908.0,4710074620.0,4171112659.8
3507,2021-06-30,sh601002,XD晋亿实,4.9,4.93,4.86,4.88,4.86,0.04,0.823,0.6195,5262703,25732272.0,4700481800.0,4162617522.0
3508,2021-07-01,sh601002,晋亿实业,4.87,4.93,4.85,4.92,4.9,-0.03,-0.6122,0.7559,6421300,31430148.0,4671703340.0,4137132108.6
3509,2021-07-02,sh601002,晋亿实业,4.8,4.86,4.78,4.86,4.87,-0.07,-1.4374,0.7918,6726770,32317394.0,4604553600.0,4077666144.0
3510,2021-07-05,sh601002,晋亿实业,4.83,4.85,4.79,4.8,4.8,0.03,0.625,0.5289,4492894,21658543.0,4633332060.0,4103151557.4
3511,2021-07-06,sh601002,晋亿实业,4.85,4.85,4.82,4.83,4.83,0.02,0.4141,0.4537,3854064,18634244.0,4652517700.0,4120141833.0
3512,2021-07-07,sh601002,晋亿实业,4.84,4.85,4.82,4.83,4.85,-0.01,-0.2062,0.3382,2873126,13891848.0,4642924880.0,4111646695.2
3513,2021-07-08,sh601002,晋亿实业,4.83,4.84,4.8,4.84,4.84,-0.01,-0.2066,0.5419,4603203,22181064.0,4633332060.0,4103151557.4
3514,2021-07-09,sh601002,晋亿实业,4.87,4.87,4.79,4.83,4.83,0.04,0.8282,0.6543,5558312,26826806.0,4671703340.0,4137132108.6
3515,2021-07-12,sh601002,晋亿实业,4.88,4.91,4.86,4.9,4.87,0.01,0.2053,0.6537,5552884,27112477.0,4681296160.0,4145627246.4
3516,2021-07-13,sh601002,晋亿实业,4.9,4.91,4.85,4.88,4.88,0.02,0.4098,0.5589,4747944,23196121.0,4700481800.0,4162617522.0
3517,2021-07-14,sh601002,晋亿实业,4.84,4.9,4.83,4.9,4.9,-0.06,-1.2245,0.5174,4395100,21333349.0,4642924880.0,4111646695.2
3518,2021-07-15,sh601002,晋亿实业,4.82,4.85,4.79,4.85,4.84,-0.02,-0.4132,0.5613,4768601,22965756.0,4623739240.0,4094656419.6
3519,2021-07-16,sh601002,晋亿实业,4.83,4.85,4.82,4.83,4.82,0.01,0.2075,0.3608,3065202,14811675.0,4633332060.0,4103151557.4
3520,2021-07-19,sh601002,晋亿实业,4.77,4.83,4.75,4.83,4.83,-0.06,-1.2422,0.5679,4824501,23037357.0,4575775140.0,4052180730.6
3521,2021-07-20,sh601002,晋亿实业,4.83,4.84,4.74,4.75,4.77,0.06,1.2579,0.5079,4314444,20680000.0,4633332060.0,4103151557.4
3522,2021-07-21,sh601002,晋亿实业,4.84,4.85,4.81,4.81,4.83,0.01,0.207,0.4234,3596800,17366762.0,4642924880.0,4111646695.2
3523,2021-07-22,sh601002,晋亿实业,4.86,4.87,4.81,4.82,4.84,0.02,0.4132,0.4712,4002937,19428028.0,4662110520.0,4128636970.8
3524,2021-07-23,sh601002,晋亿实业,4.85,4.91,4.83,4.84,4.86,-0.01,-0.2058,0.824,6999641,34063490.0,4652517700.0,4120141833.0
3525,2021-07-26,sh601002,晋亿实业,4.78,4.87,4.75,4.85,4.85,-0.07,-1.4433,0.6487,5510513,26423036.0,4585367960.0,4060675868.4
3526,2021-07-27,sh601002,晋亿实业,4.71,4.82,4.71,4.77,4.78,-0.07,-1.4644,0.7999,6795573,32413502.0,4518218220.0,4001209903.8
3527,2021-07-28,sh601002,晋亿实业,4.61,4.71,4.57,4.71,4.71,-0.1,-2.1231,0.7885,6698138,30992544.0,4422290020.0,3916258525.8
3528,2021-07-29,sh601002,晋亿实业,4.68,4.71,4.61,4.64,4.61,0.07,1.5184,0.648,5504753,25629285.0,4489439760.0,3975724490.4
3529,2021-07-30,sh601002,晋亿实业,4.69,4.73,4.65,4.65,4.68,0.01,0.2137,0.3899,3312303,15510891.0,4499032580.0,3984219628.2
3530,2021-08-02,sh601002,晋亿实业,4.78,4.8,4.64,4.69,4.69,0.09,1.919,0.594,5046392,23888608.0,4585367960.0,4060675868.4
3531,2021-08-03,sh601002,晋亿实业,4.8,4.86,4.74,4.75,4.78,0.02,0.4184,0.6993,5940707,28655454.0,4604553600.0,4077666144.0
3532,2021-08-04,sh601002,晋亿实业,4.81,4.81,4.77,4.81,4.8,0.01,0.2083,0.4852,4122254,19764581.0,4614146420.0,4086161281.8
3533,2021-08-05,sh601002,晋亿实业,4.76,4.81,4.74,4.81,4.81,-0.05,-1.0395,0.5292,4495499,21440424.0,4566182320.0,4043685592.8
3534,2021-08-06,sh601002,晋亿实业,4.81,4.81,4.73,4.76,4.76,0.05,1.0504,0.4898,4160880,19857984.0,4614146420.0,4086161281.8
3535,2021-08-09,sh601002,晋亿实业,4.86,4.88,4.78,4.8,4.81,0.05,1.0395,0.7483,6356801,30805533.0,4662110520.0,4128636970.8
3536,2021-08-10,sh601002,晋亿实业,4.87,4.88,4.83,4.86,4.86,0.01,0.2058,0.6501,5522916,26831445.0,4671703340.0,4137132108.6
3537,2021-08-11,sh601002,晋亿实业,4.91,4.94,4.85,4.86,4.87,0.04,0.8214,1.1068,9402731,45965417.0,4710074620.0,4171112659.8
3538,2021-08-12,sh601002,晋亿实业,4.9,4.94,4.88,4.9,4.91,-0.01,-0.2037,0.6973,5923262,29079985.0,4700481800.0,4162617522.0
3539,2021-08-13,sh601002,晋亿实业,4.87,4.92,4.86,4.9,4.9,-0.03,-0.6122,0.6002,5099193,24909850.0,4671703340.0,4137132108.6
3540,2021-08-16,sh601002,晋亿实业,4.9,4.98,4.84,4.84,4.87,0.03,0.616,0.8352,7095380,35030151.0,4700481800.0,4162617522.0
3541,2021-08-17,sh601002,晋亿实业,4.81,4.95,4.81,4.88,4.9,-0.09,-1.8367,0.8534,7249700,35311952.0,4614146420.0,4086161281.8
3542,2021-08-18,sh601002,晋亿实业,4.94,4.94,4.81,4.83,4.81,0.13,2.7027,0.9927,8433357,41212863.0,4738853080.0,4196598073.2
3543,2021-08-19,sh601002,晋亿实业,4.89,4.94,4.84,4.91,4.94,-0.05,-1.0121,0.7633,6484710,31624967.0,4690888980.0,4154122384.2
3544,2021-08-20,sh601002,晋亿实业,4.89,4.89,4.83,4.89,4.89,0.0,0.0,0.492,4179875,20317350.0,4690888980.0,4154122384.2
3545,2021-08-23,sh601002,晋亿实业,5.01,5.04,4.88,4.89,4.89,0.12,2.454,1.9189,16301034,81222575.0,4806002820.0,4256064037.8
3546,2021-08-24,sh601002,晋亿实业,5.02,5.1,4.97,4.99,5.01,0.01,0.1996,1.5959,13557362,68163941.0,4815595640.0,4264559175.6
3547,2021-08-25,sh601002,晋亿实业,5.05,5.08,4.98,4.98,5.02,0.03,0.5976,1.1673,9916313,49936221.0,4844374100.0,4290044589.0
3548,2021-08-26,sh601002,晋亿实业,5.11,5.14,5.03,5.05,5.05,0.06,1.1881,1.5139,12860680,65651940.0,4901931020.0,4341015415.8
3549,2021-08-27,sh601002,晋亿实业,5.19,5.29,5.07,5.15,5.11,0.08,1.5656,3.1496,26755999,138646083.0,4978673580.0,4408976518.2
3550,2021-08-30,sh601002,晋亿实业,5.15,5.25,5.11,5.17,5.19,-0.04,-0.7707,2.0469,17388358,90092568.0,4940302300.0,4374995967.0
3551,2021-08-31,sh601002,晋亿实业,5.22,5.25,5.15,5.16,5.15,0.07,1.3592,1.7961,15258053,79526202.0,5007452040.0,4434461931.6
3552,2021-09-01,sh601002,晋亿实业,5.25,5.41,5.19,5.23,5.22,0.03,0.5747,3.2825,27885142,147519518.0,5036230500.0,4459947345.0
3553,2021-09-02,sh601002,晋亿实业,5.32,5.35,5.22,5.24,5.25,0.07,1.3333,1.9816,16833804,89158500.0,5103380240.0,4519413309.6
3554,2021-09-03,sh601002,晋亿实业,5.31,5.39,5.25,5.29,5.32,-0.01,-0.188,1.772,15053003,80147423.0,5093787420.0,4510918171.8
3555,2021-09-06,sh601002,晋亿实业,5.36,5.38,5.28,5.33,5.31,0.05,0.9416,1.4968,12715650,67922608.0,5141751520.0,4553393860.8
3556,2021-09-07,sh601002,晋亿实业,5.38,5.43,5.34,5.36,5.36,0.02,0.3731,1.4901,12658768,68085019.0,5160937160.0,4570384136.4
3557,2021-09-08,sh601002,晋亿实业,5.45,5.48,5.39,5.4,5.38,0.07,1.3011,1.7563,14919902,80976126.0,5228086900.0,4629850101.0
3558,2021-09-09,sh601002,晋亿实业,5.59,5.78,5.41,5.47,5.45,0.14,2.5688,4.0763,34629139,193150895.0,5362386380.0,4748782030.2
3559,2021-09-10,sh601002,晋亿实业,5.7,5.75,5.52,5.58,5.59,0.11,1.9678,3.5412,30083269,170071323.0,5467907400.0,4842228546.0
3560,2021-09-13,sh601002,晋亿实业,5.67,5.79,5.55,5.75,5.7,-0.03,-0.5263,3.2239,27387363,154449503.0,5439128940.0,4816743132.6
3561,2021-09-14,sh601002,晋亿实业,5.51,5.73,5.46,5.63,5.67,-0.16,-2.8219,2.9526,25082458,139329150.0,5285643820.0,4680820927.8
3562,2021-09-15,sh601002,晋亿实业,5.56,5.6,5.44,5.5,5.51,0.05,0.9074,1.7406,14786614,81765680.0,5333607920.0,4723296616.8
3563,2021-09-16,sh601002,晋亿实业,5.78,6.12,5.54,5.56,5.56,0.22,3.9568,6.9622,59144851,347457202.0,5544649960.0,4910189648.4
3564,2021-09-17,sh601002,晋亿实业,5.76,5.92,5.61,5.68,5.78,-0.02,-0.346,3.8217,32466120,187406580.0,5525464320.0,4893199372.8
3565,2021-09-22,sh601002,晋亿实业,5.75,5.83,5.6,5.7,5.76,-0.01,-0.1736,2.1697,18432064,105120575.0,5515871500.0,4884704235.0
3566,2021-09-23,sh601002,晋亿实业,5.8,5.97,5.7,5.79,5.75,0.05,0.8696,2.8988,24625458,142873031.0,5563835600.0,4927179924.0
3567,2021-09-24,sh601002,晋亿实业,5.57,5.83,5.53,5.83,5.8,-0.23,-3.9655,2.4785,21054804,118902368.0,5343200740.0,4731791754.6
3568,2021-09-27,sh601002,晋亿实业,5.3,5.78,5.24,5.57,5.57,-0.27,-4.8474,2.9553,25105787,136816329.0,5084194600.0,4502423034.0
3569,2021-09-28,sh601002,晋亿实业,5.46,5.66,5.31,5.31,5.3,0.16,3.0189,2.3707,20139516,110520789.0,5237679720.0,4638345238.8
3570,2021-09-29,sh601002,晋亿实业,5.29,5.51,5.26,5.45,5.46,-0.17,-3.1136,1.7943,15242473,81636565.0,5074601780.0,4493927896.2
3571,2021-09-30,sh601002,晋亿实业,5.3,5.38,5.25,5.34,5.29,0.01,0.189,1.414,12011800,63786425.0,5084194600.0,4502423034.0
3572,2021-10-08,sh601002,晋亿实业,5.64,5.68,5.34,5.34,5.3,0.34,6.4151,2.9814,25327153,140730070.0,5410350480.0,4791257719.2
3573,2021-10-11,sh601002,晋亿实业,5.53,5.67,5.5,5.65,5.64,-0.11,-1.9504,1.3499,11467389,63496584.0,5304829460.0,4697811203.4
3574,2021-10-12,sh601002,晋亿实业,5.31,5.55,5.22,5.55,5.53,-0.22,-3.9783,2.0909,17762800,94761127.0,5093787420.0,4510918171.8
3575,2021-10-13,sh601002,晋亿实业,5.21,5.31,5.13,5.31,5.31,-0.1,-1.8832,1.4512,12328301,63970953.0,4997859220.0,4425966793.8
3576,2021-10-14,sh601002,晋亿实业,5.22,5.27,5.16,5.21,5.21,0.01,0.1919,0.8089,6871608,35898263.0,5007452040.0,4434461931.6
3577,2021-10-15,sh601002,晋亿实业,5.15,5.3,5.13,5.22,5.22,-0.07,-1.341,1.192,10126000,52530348.0,4940302300.0,4374995967.0
3578,2021-10-18,sh601002,晋亿实业,5.26,5.29,5.07,5.16,5.15,0.11,2.1359,1.2525,10640363,55393835.0,5045823320.0,4468442482.8
3579,2021-10-19,sh601002,晋亿实业,5.26,5.29,5.21,5.25,5.26,0.0,0.0,0.9058,7694486,40435350.0,5045823320.0,4468442482.8
3580,2021-10-20,sh601002,晋亿实业,5.23,5.28,5.2,5.23,5.26,-0.03,-0.5703,0.7422,6304808,33007355.0,5017044860.0,4442957069.4
3581,2021-10-21,sh601002,晋亿实业,5.18,5.26,5.17,5.26,5.23,-0.05,-0.956,0.8285,7038400,36612640.0,4969080760.0,4400481380.4
3582,2021-10-22,sh601002,晋亿实业,5.16,5.24,5.14,5.18,5.18,-0.02,-0.3861,0.8179,6947765,36037462.0,4949895120.0,4383491104.8
3583,2021-10-25,sh601002,晋亿实业,5.24,5.24,5.02,5.15,5.16,0.08,1.5504,0.8301,7051565,36340208.0,5026637680.0,4451452207.2
3584,2021-10-26,sh601002,晋亿实业,5.23,5.27,5.19,5.24,5.24,-0.01,-0.1908,0.5253,4462698,23334219.0,5017044860.0,4442957069.4
3585,2021-10-27,sh601002,晋亿实业,5.15,5.22,5.08,5.22,5.23,-0.08,-1.5296,0.66,5606507,28826975.0,4940302300.0,4374995967.0
3586,2021-10-28,sh601002,晋亿实业,4.93,5.15,4.92,5.15,5.15,-0.22,-4.2718,1.2523,10638608,53060341.0,4729260260.0,4188102935.4
3587,2021-10-29,sh601002,晋亿实业,4.98,5.0,4.88,4.94,4.93,0.05,1.0142,0.7852,6670582,33064771.0,4777224360.0,4230578624.4
3588,2021-11-01,sh601002,晋亿实业,4.99,5.03,4.91,4.99,4.98,0.01,0.2008,0.7716,6554803,32666030.0,4786817180.0,4239073762.2
3589,2021-11-02,sh601002,晋亿实业,4.88,5.04,4.83,4.98,4.99,-0.11,-2.2044,0.9742,8276300,40740263.0,4681296160.0,4145627246.4
3590,2021-11-03,sh601002,晋亿实业,4.94,4.95,4.87,4.89,4.88,0.06,1.2295,0.5728,4865841,23921895.0,4738853080.0,4196598073.2
3591,2021-11-04,sh601002,晋亿实业,4.96,4.99,4.89,4.96,4.94,0.02,0.4049,0.6308,5358751,26473827.0,4758038720.0,4213588348.8
3592,2021-11-05,sh601002,晋亿实业,4.92,4.98,4.89,4.96,4.96,-0.04,-0.8065,0.6074,5159832,25451872.0,4719667440.0,4179607797.6
3593,2021-11-08,sh601002,晋亿实业,4.97,4.99,4.83,4.93,4.92,0.05,1.0163,0.6149,5223892,25767352.0,4767631540.0,4222083486.6
3594,2021-11-09,sh601002,晋亿实业,4.99,4.99,4.92,4.96,4.97,0.02,0.4024,0.499,4238901,20995021.0,4786817180.0,4239073762.2
3595,2021-11-10,sh601002,晋亿实业,5.03,5.04,4.92,4.96,4.99,0.04,0.8016,0.5631,4783303,23742321.0,4825188460.0,4273054313.4
3596,2021-11-11,sh601002,晋亿实业,5.07,5.08,4.98,5.03,5.03,0.04,0.7952,0.7359,6251600,31517418.0,4863559740.0,4307034864.6
3597,2021-11-12,sh601002,晋亿实业,5.06,5.08,5.02,5.06,5.07,-0.01,-0.1972,0.551,4680562,23625561.0,4853966920.0,4298539726.8
3598,2021-11-15,sh601002,晋亿实业,5.07,5.08,5.03,5.06,5.06,0.01,0.1976,0.6622,5625733,28428202.0,4863559740.0,4307034864.6
3599,2021-11-16,sh601002,晋亿实业,5.06,5.12,5.04,5.07,5.07,-0.01,-0.1972,0.9939,8443500,42934307.0,4853966920.0,4298539726.8
3600,2021-11-17,sh601002,晋亿实业,5.1,5.11,5.04,5.06,5.06,0.04,0.7905,0.5731,4868900,24779471.0,4892338200.0,4332520278.0
3601,2021-11-18,sh601002,晋亿实业,5.04,5.16,5.0,5.11,5.1,-0.06,-1.1765,0.8196,6962801,35391758.0,4834781280.0,4281549451.2
3602,2021-11-19,sh601002,晋亿实业,5.11,5.11,5.01,5.04,5.04,0.07,1.3889,0.7006,5952001,30140848.0,4901931020.0,4341015415.8
3603,2021-11-22,sh601002,晋亿实业,4.81,4.87,4.6,4.72,5.11,-0.3,-5.8708,4.4818,38073916,179988121.0,4614146420.0,4086161281.8
3604,2021-11-23,sh601002,晋亿实业,4.72,4.76,4.68,4.72,4.81,-0.09,-1.8711,2.2358,18993384,89669429.0,4527811040.0,4009705041.6
3605,2021-11-24,sh601002,晋亿实业,4.71,4.73,4.68,4.71,4.72,-0.01,-0.2119,1.3983,11878637,55836750.0,4518218220.0,4001209903.8
3606,2021-11-25,sh601002,晋亿实业,4.72,4.74,4.68,4.7,4.71,0.01,0.2123,0.8934,7589424,35765288.0,4527811040.0,4009705041.6
3607,2021-11-26,sh601002,晋亿实业,4.76,4.78,4.72,4.73,4.72,0.04,0.8475,0.9742,8276200,39279806.0,4566182320.0,4043685592.8
3608,2021-11-29,sh601002,晋亿实业,4.71,4.73,4.67,4.7,4.76,-0.05,-1.0504,0.8211,6975001,32795792.0,4518218220.0,4001209903.8
3609,2021-11-30,sh601002,晋亿实业,4.72,4.76,4.71,4.72,4.71,0.01,0.2123,0.8693,7384908,34937996.0,4527811040.0,4009705041.6
3610,2021-12-01,sh601002,晋亿实业,4.8,4.8,4.7,4.71,4.72,0.08,1.6949,0.9515,8083094,38516675.0,4604553600.0,4077666144.0
3611,2021-12-02,sh601002,晋亿实业,4.77,4.83,4.76,4.8,4.8,-0.03,-0.625,0.9083,7716252,36973395.0,4575775140.0,4052180730.6
3612,2021-12-03,sh601002,晋亿实业,4.81,4.82,4.77,4.78,4.77,0.04,0.8386,0.8295,7046989,33809298.0,4614146420.0,4086161281.8
3613,2021-12-06,sh601002,晋亿实业,4.74,4.82,4.73,4.8,4.81,-0.07,-1.4553,1.0153,8624900,41269462.0,4546996680.0,4026695317.2
3614,2021-12-07,sh601002,晋亿实业,4.75,4.78,4.71,4.76,4.74,0.01,0.211,0.8045,6834400,32374729.0,4556589500.0,4035190455.0
3615,2021-12-08,sh601002,晋亿实业,4.77,4.81,4.72,4.76,4.75,0.02,0.4211,0.7293,6195638,29567056.0,4575775140.0,4052180730.6
3616,2021-12-09,sh601002,晋亿实业,4.84,4.87,4.74,4.76,4.77,0.07,1.4675,1.5085,12814929,61457196.0,4642924880.0,4111646695.2
3617,2021-12-10,sh601002,晋亿实业,4.8,4.82,4.76,4.81,4.84,-0.04,-0.8264,0.9082,7714904,37030851.0,4604553600.0,4077666144.0
3618,2021-12-13,sh601002,晋亿实业,4.82,4.84,4.79,4.81,4.8,0.02,0.4167,0.9922,8429224,40649470.0,4623739240.0,4094656419.6
3619,2021-12-14,sh601002,晋亿实业,4.82,4.82,4.78,4.82,4.82,0.0,0.0,0.7213,6127187,29384898.0,4623739240.0,4094656419.6
3620,2021-12-15,sh601002,晋亿实业,4.89,5.0,4.8,4.82,4.82,0.07,1.4523,1.4884,12643984,62030200.0,4690888980.0,4154122384.2
3621,2021-12-16,sh601002,晋亿实业,4.98,5.01,4.86,4.89,4.89,0.09,1.8405,1.7426,14803532,73630807.0,4777224360.0,4230578624.4
3622,2021-12-17,sh601002,晋亿实业,4.95,5.0,4.94,4.98,4.98,-0.03,-0.6024,0.8742,7426222,36933369.0,4748445900.0,4205093211.0
3623,2021-12-20,sh601002,晋亿实业,4.99,5.06,4.92,4.95,4.95,0.04,0.8081,1.1968,10167182,50784754.0,4786817180.0,4239073762.2
3624,2021-12-21,sh601002,晋亿实业,5.15,5.19,4.98,4.99,4.99,0.16,3.2064,1.7321,14714502,75072400.0,4940302300.0,4374995967.0
3625,2021-12-22,sh601002,晋亿实业,5.18,5.21,5.11,5.16,5.15,0.03,0.5825,1.2633,10731503,55383885.0,4969080760.0,4400481380.4
3626,2021-12-23,sh601002,晋亿实业,5.21,5.24,5.12,5.16,5.18,0.03,0.5792,1.2864,10928165,56671167.0,4997859220.0,4425966793.8
3627,2021-12-24,sh601002,晋亿实业,5.14,5.31,5.13,5.23,5.21,-0.07,-1.3436,1.4974,12720500,66126107.0,4930709480.0,4366500829.2
3628,2021-12-27,sh601002,晋亿实业,5.09,5.16,5.06,5.11,5.14,-0.05,-0.9728,1.1893,10102920,51509278.0,4882745380.0,4324025140.2
3629,2021-12-28,sh601002,晋亿实业,5.09,5.15,5.06,5.1,5.09,0.0,0.0,1.1602,9855910,50168455.0,4882745380.0,4324025140.2
3630,2021-12-29,sh601002,晋亿实业,5.09,5.13,5.03,5.09,5.09,0.0,0.0,1.1635,9884494,50237624.0,4882745380.0,4324025140.2
3631,2021-12-30,sh601002,晋亿实业,5.05,5.12,4.99,5.1,5.09,-0.04,-0.7859,0.8384,7122400,36105420.0,4844374100.0,4290044589.0
3632,2021-12-31,sh601002,晋亿实业,5.17,5.2,5.06,5.07,5.05,0.12,2.3762,1.3143,11164838,57652395.0,4959487940.0,4391986242.6
3633,2022-01-04,sh601002,晋亿实业,5.29,5.3,5.15,5.15,5.17,0.12,2.3211,1.4852,12617311,66200187.0,5074601780.0,4493927896.2
3634,2022-01-05,sh601002,晋亿实业,5.25,5.3,5.21,5.25,5.29,-0.04,-0.7561,0.9449,8026965,42057805.0,5036230500.0,4459947345.0
3635,2022-01-06,sh601002,晋亿实业,5.27,5.33,5.22,5.23,5.25,0.02,0.381,1.3408,11390248,60060343.0,5055416140.0,4476937620.6
3636,2022-01-07,sh601002,晋亿实业,5.27,5.36,5.25,5.28,5.27,0.0,0.0,1.4584,12389061,65793619.0,5055416140.0,4476937620.6
3637,2022-01-10,sh601002,晋亿实业,5.29,5.32,5.22,5.26,5.27,0.02,0.3795,1.1413,9695760,51152970.0,5074601780.0,4493927896.2
3638,2022-01-11,sh601002,晋亿实业,5.29,5.35,5.26,5.28,5.29,0.0,0.0,1.1408,9690847,51461915.0,5074601780.0,4493927896.2
3639,2022-01-12,sh601002,晋亿实业,5.26,5.32,5.25,5.28,5.29,-0.03,-0.5671,0.74,6286800,33123046.0,5045823320.0,4468442482.8
3640,2022-01-13,sh601002,晋亿实业,5.25,5.31,5.25,5.28,5.26,-0.01,-0.1901,0.733,6226602,32837813.0,5036230500.0,4459947345.0
3641,2022-01-14,sh601002,晋亿实业,5.12,5.27,5.11,5.24,5.25,-0.13,-2.4762,1.3057,11091751,57478499.0,4911523840.0,4349510553.6
3642,2022-01-17,sh601002,晋亿实业,5.22,5.29,5.08,5.12,5.12,0.1,1.9531,1.0876,9239559,48051416.0,5007452040.0,4434461931.6
3643,2022-01-18,sh601002,晋亿实业,5.19,5.27,5.17,5.22,5.22,-0.03,-0.5747,1.0139,8613286,44937788.0,4978673580.0,4408976518.2
3644,2022-01-19,sh601002,晋亿实业,5.31,5.34,5.17,5.17,5.19,0.12,2.3121,1.2442,10569713,55866304.0,5093787420.0,4510918171.8
3645,2022-01-20,sh601002,晋亿实业,5.19,5.34,5.17,5.29,5.31,-0.12,-2.2599,1.0897,9257209,48447493.0,4978673580.0,4408976518.2
3646,2022-01-21,sh601002,晋亿实业,5.13,5.21,5.11,5.19,5.19,-0.06,-1.1561,0.6886,5849900,30067429.0,4921116660.0,4358005691.4
3647,2022-01-24,sh601002,晋亿实业,5.06,5.16,5.04,5.12,5.13,-0.07,-1.3645,0.6774,5754473,29222643.0,4853966920.0,4298539726.8
3648,2022-01-25,sh601002,晋亿实业,4.86,5.09,4.85,5.09,5.06,-0.2,-3.9526,1.2566,10674683,52680413.0,4662110520.0,4128636970.8
3649,2022-01-26,sh601002,晋亿实业,4.93,4.99,4.86,4.86,4.86,0.07,1.4403,0.6981,5930101,29185634.0,4729260260.0,4188102935.4
3650,2022-01-27,sh601002,晋亿实业,4.87,4.95,4.82,4.95,4.93,-0.06,-1.217,0.7832,6653170,32444837.0,4671703340.0,4137132108.6
3651,2022-01-28,sh601002,晋亿实业,4.93,4.97,4.86,4.88,4.87,0.06,1.232,0.574,4875801,24011383.0,4729260260.0,4188102935.4
3652,2022-02-07,sh601002,晋亿实业,5.07,5.12,4.94,4.99,4.93,0.14,2.8398,0.9219,7831792,39545371.0,4863559740.0,4307034864.6
3653,2022-02-08,sh601002,晋亿实业,5.21,5.22,5.05,5.08,5.07,0.14,2.7613,1.3217,11227601,58072870.0,4997859220.0,4425966793.8
3654,2022-02-09,sh601002,晋亿实业,5.23,5.3,5.19,5.21,5.21,0.02,0.3839,1.0592,8997974,47034204.0,5017044860.0,4442957069.4
3655,2022-02-10,sh601002,晋亿实业,5.26,5.3,5.18,5.23,5.23,0.03,0.5736,0.9098,7728709,40639081.0,5045823320.0,4468442482.8
3656,2022-02-11,sh601002,晋亿实业,5.19,5.28,5.18,5.28,5.26,-0.07,-1.3308,0.6914,5873501,30617772.0,4978673580.0,4408976518.2
3657,2022-02-14,sh601002,晋亿实业,5.17,5.24,5.16,5.18,5.19,-0.02,-0.3854,0.7006,5952030,30888220.0,4959487940.0,4391986242.6
3658,2022-02-15,sh601002,晋亿实业,5.17,5.2,5.14,5.19,5.17,0.0,0.0,0.6085,5168900,26698725.0,4959487940.0,4391986242.6
3659,2022-02-16,sh601002,晋亿实业,5.3,5.35,5.18,5.18,5.17,0.13,2.5145,1.3111,11138300,58881492.0,5084194600.0,4502423034.0
3660,2022-02-17,sh601002,晋亿实业,5.27,5.35,5.25,5.34,5.3,-0.03,-0.566,0.9454,8031382,42490811.0,5055416140.0,4476937620.6
3661,2022-02-18,sh601002,晋亿实业,5.52,5.54,5.24,5.3,5.27,0.25,4.7438,3.1274,26567622,144274068.0,5295236640.0,4689316065.6
3662,2022-02-21,sh601002,晋亿实业,5.47,5.6,5.43,5.52,5.52,-0.05,-0.9058,2.3246,19747696,108544490.0,5247272540.0,4646840376.6
3663,2022-02-22,sh601002,晋亿实业,5.42,5.52,5.39,5.46,5.47,-0.05,-0.9141,1.4097,11975235,65046611.0,5199308440.0,4604364687.6
